Multiple size <= 100
TEST 1 ARG:79 50 20 59 34 60 22 19 91 46 13 98 92 57 24 47 66 77 31 21 43 27 52 54 65 82 37 17 67 18 73 64 3 32 45 42 99 15 69 72 29 36 86 49 56 10 48 12 11 38 1 2 62 83 70 74 8 71 80 94 93 87 28 89 14 4 58 97 30 7 63 75 44 53 95 88 5 35 68 16 81 40 84 55 51 41 0 61 23 85 9 90 6 25 96 33 78 26 76 39
TEST 1 ARG:25 49 92 52 27 59 12 86 89 70 28 11 51 99 81 61 16 4 87 31 18 82 20 46 66 78 63 50 13 62 93 69 22 23 58 57 47 43 54 0 5 26 88 91 79 75 38 10 56 73 30 68 32 74 48 67 36 97 84 77 35 45 95 55 19 14 71 8 15 9 1 98 64 21 37 65 85 94 7 33 96 3 34 53 42 6 44 80 40 41 17 29 24 60 2 90 72 39 83 76
TEST 1 ARG:80 3 21 7 40 41 5 69 14 85 31 46 62 25 57 42 93 76 27 17 38 49 24 92 2 29 39 87 98 88 33 73 10 22 96 94 12 1 65 68 37 79 61 6 75 70 11 63 59 50 60 82 56 58 66 36 30 34 13 55 64 81 53 20 45 35 44 84 86 9 32 43 48 51 99 89 19 71 95 83 78 4 15 77 26 67 8 97 23 54 90 91 47 28 72 18 0 52 16 74
TEST 1 ARG:69 94 79 86 43 31 82 57 47 29 28 56 71 65 44 10 54 14 33 68 6 4 41 77 63 1 11 19 25 17 22 88 95 92 83 87 0 60 91 98 23 73 15 35 42 49 21 32 93 66 97 61 27 74 38 72 84 48 18 46 26 40 78 58 59 90 85 9 50 8 20 7 70 45 2 51 80 62 30 75 24 34 67 53 5 81 76 16 52 39 89 36 99 37 12 13 3 64 55 96
TEST 1 ARG:4 22 88 81 3 45 38 63 31 44 95 6 41 53 72 9 11 15 24 1 62 91 49 10 82 60 75 71 43 96 83 20 46 30 78 94 29 35 50 34 7 14 87 80 76 67 47 66 86 68 79 84 93 40 98 39 33 89 92 51 59 97 48 70 77 5 61 65 19 99 26 27 28 57 36 2 54 69 17 16 23 90 37 21 32 18 25 12 56 52 64 85 58 74 0 8 42 73 55 13
TEST 1 ARG:46 72 45 81 37 74 56 48 13 6 97 33 49 54 83 76 67 17 57 38 14 1 82 99 43 25 39 95 80 90 4 71 70 79 8 66 3 85 93 35 73 47 34 64 78 23 51 68 27 9 59 77 94 41 61 7 55 11 21 50 15 28 36 75 60 91 69 63 20 88 30 32 96 84 26 2 12 44 86 52 29 89 16 0 5 65 18 53 19 98 92 22 62 31 87 10 42 58 24 40
TEST 1 ARG:77 80 66 2 94 21 78 87 34 64 25 32 57 51 33 18 69 10 56 49 62 20 12 54 63 86 79 53 8 90 72 68 1 39 29 70 28 59 11 31 95 36 3 61 16 60 84 44 9 96 15 13 71 35 92 81 5 22 0 91 4 43 40 52 65 45 93 17 46 7 50 85 38 30 73 48 99 42 27 23 83 67 14 89 55 19 76 58 97 98 37 75 41 88 74 26 6 82 47 24
TEST 1 ARG:14 19 65 82 54 13 80 57 71 76 21 67 68 4 47 32 35 31 83 64 85 70 0 84 74 18 9 94 20 50 44 89 42 1 52 34 93 39 78 62 72 73 24 61 2 27 22 75 8 26 45 46 96 23 49 81 63 5 98 10 92 66 77 25 59 48 12 86 37 91 97 55 28 40 11 88 38 58 53 69 15 36 30 60 51 7 17 16 6 43 56 3 90 87 99 29 33 41 95 79
TEST 1 ARG:6 97 17 66 32 28 49 98 39 25 5 43 1 40 94 85 21 45 9 0 33 99 19 91 74 42 88 20 38 29 57 76 86 61 93 80 63 89 87 12 18 67 95 16 44 83 73 56 46 77 3 48 96 8 11 14 27 34 2 41 90 30 36 71 7 75 51 58 81 47 62 15 55 54 35 4 10 60 72 24 70 13 52 78 64 31 37 84 59 68 82 50 22 65 92 26 23 69 79 53
TEST 1 ARG:75 79 8 55 88 68 48 77 3 6 91 13 19 45 57 98 66 96 74 47 18 22 5 40 17 0 54 90 49 35 30 29 34 36 44 2 99 52 83 71 41 23 69 1 82 87 39 93 86 84 56 94 16 73 24 85 25 15 42 21 9 7 67 20 89 12 95 4 26 70 10 51 97 62 65 60 58 27 31 11 53 61 81 80 43 37 50 63 72 92 76 78 64 28 38 33 14 59 46 32
TEST 1 ARG:11 50 5 21 52 54 75 4 44 56 2 9 25 19 65 60 72 57 97 67 84 91 35 80 55 96 31 63 76 86 73 95 22 17 89 79 47 90 3 40 10 66 61 45 26 42 85 93 78 18 39 36 43 8 64 29 12 32 99 28 68 71 92 41 38 15 16 0 1 82 30 98 62 88 34 69 74 20 59 53 23 81 6 51 83 33 24 58 13 7 46 87 94 27 14 77 37 70 49 48
TEST 1 ARG:38 74 99 96 32 12 97 43 42 53 65 76 78 39 91 48 28 40 66 93 59 55 27 34 83 47 81 5 44 36 58 63 64 88 29 7 77 6 82 41 19 10 54 13 20 69 31 70 2 24 75 92 37 46 61 30 57 25 45 80 86 11 67 22 87 71 85 73 84 9 18 35 62 4 14 16 8 50 89 56 52 94 68 79 90 3 98 49 1 0 21 72 60 33 95 26 51 17 23 15
TEST 1 ARG:61 31 18 4 44 35 45 27 93 87 74 54 23 43 30 6 72 63 21 65 5 89 98 60 94 55 42 71 51 64 97 79 91 92 57 78 16 90 39 41 77 73 80 38 53 68 82 47 62 48 84 10 8 12 1 25 81 24 99 66 17 13 67 95 32 7 15 69 40 76 34 29 14 3 2 50 83 85 86 52 88 49 0 22 36 11 75 9 19 70 26 56 96 20 33 46 28 37 58 59
TEST 1 ARG:2 95 17 12 8 38 34 13 93 89 11 25 82 56 27 55 21 75 18 49 57 91 22 51 15 96 85 41 7 70 28 76 78 84 59 31 14 80 62 1 65 53 81 23 88 16 98 4 86 94 5 68 42 30 44 60 99 92 58 79 35 61 66 32 40 72 90 45 73 0 47 67 9 64 6 26 37 87 19 46 69 77 54 83 50 74 36 20 97 3 43 39 24 10 29 63 33 48 71 52
TEST 1 ARG:40 67 29 25 23 62 43 4 86 22 24 68 6 16 87 21 13 46 2 99 93 53 44 94 92 33 32 42 80 58 19 15 66 65 57 59 79 17 3 72 82 51 9 70 95 31 54 96 20 18 39 71 7 74 37 48 36 84 28 49 90 34 78 69 97 75 8 77 27 64 35 56 41 30 76 61 45 14 55 10 26 52 0 50 91 88 83 11 60 63 85 1 5 47 12 89 73 38 81 98
TEST 1 ARG:52 63 45 10 77 68 37 49 22 11 95 64 88 85 43 27 99 5 26 61 34 23 9 31 97 6 62 50 18 80 4 25 13 92 0 35 72 58 67 2 38 7 30 86 60 14 73 69 12 94 3 15 53 87 59 40 75 16 98 33 84 39 29 66 79 90 55 81 19 42 70 56 78 54 71 48 46 47 8 89 65 76 44 24 41 91 32 82 96 1 93 20 28 21 83 17 51 57 74 36
TEST 1 ARG:78 12 13 33 43 47 54 16 97 68 98 76 65 57 25 75 14 87 94 10 0 37 71 72 93 51 3 83 74 11 88 64 60 42 45 79 20 99 32 70 18 24 53 59 29 2 7 92 80 96 8 36 52 38 34 28 50 5 40 84 49 22 21 46 63 61 41 82 81 67 89 23 15 27 9 56 35 91 19 26 31 4 85 1 55 66 48 86 6 39 44 69 30 17 62 73 77 90 95 58
TEST 1 ARG:99 91 50 59 20 31 38 90 35 48 36 29 88 67 44 58 8 6 85 3 21 15 12 76 83 25 19 74 56 95 5 13 4 34 49 24 71 33 28 72 18 9 17 39 75 32 68 94 52 54 26 86 46 97 47 30 43 69 63 60 16 7 41 14 10 42 37 84 55 40 61 27 73 53 62 93 89 81 1 79 45 0 87 51 96 77 70 11 92 23 82 64 65 57 22 80 2 78 98 66
TEST 1 ARG:97 65 33 41 81 90 38 84 8 19 64 32 42 15 58 46 27 1 92 60 63 87 29 76 0 12 66 80 74 34 93 47 91 7 22 3 10 72 4 75 53 36 61 23 5 50 49 6 44 73 89 31 95 98 96 16 56 79 43 68 14 18 20 85 11 71 9 67 39 24 54 17 40 37 77 52 35 57 70 59 26 21 28 48 86 51 2 25 69 83 99 82 13 45 62 94 78 88 55 30
TEST 1 ARG:64 13 49 55 32 42 66 38 71 19 92 86 78 43 1 20 51 11 88 93 48 10 97 79 83 4 58 98 30 28 44 5 69 0 41 17 87 24 6 7 36 60 29 63 68 61 99 15 47 76 50 56 75 31 96 95 91 90 35 45 84 62 77 82 14 34 67 40 27 80 52 33 23 89 81 85 46 39 59 21 70 53 25 94 57 72 54 2 3 73 26 12 16 8 74 9 37 65 18 22
TEST 1 ARG:6 33 37 19 59 81 88 69 46 8 52 65 62 57 51 73 44 76 64 63 53 66 32 99 13 27 75 21 25 68 2 80 28 70 9 90 39 29 17 94 74 93 23 60 16 49 58 12 35 22 3 79 38 82 86 61 47 78 36 87 10 72 91 50 31 83 45 95 98 96 89 20 77 15 41 34 4 71 92 1 18 30 48 7 0 40 55 56 26 43 24 11 42 5 97 54 84 85 67 14
TEST 1 ARG:56 50 89 92 37 4 16 31 22 36 0 88 80 11 43 61 85 66 15 98 6 32 95 69 73 84 19 30 58 26 94 53 48 40 82 75 97 29 17 27 9 71 38 14 13 77 23 1 5 60 47 64 8 79 24 39 57 51 81 99 33 90 86 62 46 2 45 55 20 78 35 7 42 41 74 52 70 91 87 44 28 72 65 96 12 54 25 68 93 21 3 63 34 76 49 10 59 67 83 18
TEST 1 ARG:3 74 48 9 73 30 25 97 91 6 58 70 94 76 71 23 89 12 68 77 10 60 41 82 26 53 28 8 79 37 2 61 59 66 54 49 81 14 83 21 84 78 62 99 34 13 27 31 63 36 51 15 16 93 69 80 24 52 87 86 55 46 43 88 20 85 33 29 45 1 90 67 17 38 18 22 42 64 98 50 5 65 96 47 39 92 7 19 57 4 75 40 11 95 32 72 44 56 0 35
TEST 1 ARG:55 87 53 0 74 46 38 28 7 77 73 69 24 88 30 41 44 43 22 52 82 54 58 31 75 9 50 8 70 63 81 51 6 60 5 39 56 62 21 4 14 93 29 1 64 99 71 68 16 48 40 67 34 92 89 12 19 42 33 90 94 2 84 85 15 11 97 66 25 95 83 59 76 49 37 86 65 98 45 36 10 72 26 3 13 96 57 18 35 80 61 78 20 79 32 17 23 47 91 27
TEST 1 ARG:12 85 5 21 24 35 62 72 79 48 82 87 44 9 23 6 69 84 51 15 97 76 36 67 70 90 92 30 57 17 52 32 71 31 81 60 7 74 37 38 64 96 40 66 27 1 41 4 33 50 34 29 19 63 13 83 42 28 98 61 86 54 91 55 45 16 43 77 8 93 2 11 59 58 99 3 65 80 39 14 46 89 88 18 47 95 56 22 68 94 25 78 0 26 75 53 20 73 49 10
TEST 1 ARG:20 59 10 66 87 58 63 64 80 81 30 88 65 36 79 44 49 23 9 28 46 60 12 77 45 24 78 89 27 35 2 37 7 56 17 51 99 39 97 85 41 55 34 11 40 47 22 94 13 72 18 1 93 42 48 32 31 98 14 96 69 33 57 29 50 15 54 91 26 62 71 8 25 53 3 75 6 73 52 70 84 86 5 61 38 92 4 68 83 74 21 90 0 95 43 76 16 82 67 19
TEST 1 ARG:74 11 34 67 15 69 33 6 30 91 40 65 14 95 90 87 66 77 86 75 8 43 26 23 38 98 16 50 28 88 53 84 49 7 35 78 10 62 72 42 36 12 48 41 46 92 61 81 18 57 59 37 21 89 99 29 63 0 54 64 3 94 32 60 73 47 4 85 52 20 79 13 55 68 96 45 24 83 1 5 71 44 9 31 93 56 51 25 27 19 97 17 80 76 22 39 82 58 2 70
TEST 1 ARG:70 45 51 50 16 13 63 81 89 11 71 88 84 55 36 40 64 61 6 38 54 76 29 66 15 79 4 90 25 83 94 98 73 0 5 56 44 33 62 49 14 8 1 68 22 34 53 39 10 93 80 47 86 9 96 72 74 85 20 99 46 37 65 17 23 87 95 7 19 28 27 60 35 92 69 43 2 24 30 21 32 48 18 31 97 52 41 67 91 75 42 57 77 59 3 78 58 26 12 82
TEST 1 ARG:31 21 55 17 66 47 80 13 96 79 48 85 44 95 52 46 14 54 9 39 71 56 35 16 32 7 22 33 11 87 49 91 4 25 94 97 10 36 92 59 53 89 88 63 60 50 98 23 8 65 34 72 40 58 5 29 74 0 12 73 37 26 41 84 67 76 78 28 27 81 68 1 30 20 2 3 42 6 61 77 51 86 99 15 69 38 24 57 64 83 90 82 19 62 43 18 45 70 93 75
TEST 1 ARG:54 55 84 19 78 87 75 72 99 27 29 69 92 11 45 42 18 64 26 30 34 17 85 68 4 93 22 96 2 57 48 20 14 46 79 50 56 67 25 6 58 82 16 80 1 76 12 63 98 62 90 61 97 3 15 59 31 39 94 38 51 43 24 47 52 66 74 88 81 44 13 33 0 91 73 9 40 37 36 8 32 53 65 83 5 23 49 71 86 89 77 70 10 35 21 41 95 7 28 60
TEST 1 ARG:44 21 90 63 81 29 70 56 28 15 38 76 86 40 87 12 93 61 91 26 88 34 3 24 98 65 62 71 32 69 82 37 30 55 0 1 83 27 33 4 96 20 39 99 45 54 57 17 50 79 42 95 78 97 18 19 73 9 8 58 36 85 72 52 7 74 23 94 47 51 68 49 13 48 89 75 25 92 5 66 14 53 67 64 6 16 60 2 46 41 31 22 77 84 35 10 11 43 59 80
TEST 1 ARG:42 25 94 58 91 76 41 57 48 29 63 5 68 21 81 17 78 35 54 51 74 62 87 40 67 19 36 1 14 45 37 92 97 44 83 88 38 0 24 52 32 66 56 64 61 99 20 4 30 77 60 6 50 65 28 15 86 49 96 26 79 2 59 16 27 23 39 43 82 8 18 47 33 3 72 73 69 31 70 10 80 13 85 84 11 89 12 71 46 90 98 22 93 34 7 53 55 95 9 75
TEST 1 ARG:56 47 68 2 11 26 59 75 99 19 90 43 15 3 52 70 18 8 88 22 34 60 46 24 89 21 55 31 95 25 36 63 62 41 76 87 7 85 28 40 1 91 13 42 51 37 29 97 39 71 23 92 17 48 45 79 54 66 10 81 50 6 0 49 58 65 44 73 5 32 98 4 57 64 30 72 9 80 33 67 27 20 69 96 38 84 77 61 93 53 74 78 82 14 35 83 86 94 16 12
TEST 1 ARG:21 53 95 74 52 4 26 36 64 55 85 18 2 42 67 56 71 72 63 0 43 38 81 23 92 77 34 40 22 93 46 51 78 35 86 69 47 65 37 88 41 20 49 84 33 31 17 83 50 15 14 32 59 11 3 61 80 28 75 82 13 48 25 66 6 16 91 19 79 1 39 73 70 45 8 94 27 24 58 7 60 98 62 10 29 5 97 9 57 99 76 30 44 89 68 96 12 54 87 90
TEST 1 ARG:37 22 90 97 80 34 99 70 50 17 32 66 4 11 2 72 36 16 52 21 94 68 43 20 49 24 44 9 59 82 42 33 27 8 84 58 63 45 62 88 40 51 5 67 64 13 1 56 14 89 65 10 76 47 28 81 39 23 71 85 75 3 83 60 7 69 79 96 86 87 61 25 0 19 93 29 38 53 57 35 48 31 74 54 91 26 95 98 55 77 46 15 6 92 78 12 18 73 30 41
TEST 1 ARG:60 34 55 27 17 68 86 67 83 31 40 75 39 38 57 26 59 25 24 61 37 45 71 15 64 28 82 70 12 14 42 88 58 97 32 74 65 62 44 51 48 95 50 21 93 69 33 43 89 63 22 41 90 47 1 79 13 94 16 8 36 84 6 76 96 52 11 49 29 66 46 0 54 2 23 72 73 18 85 56 92 77 10 30 53 81 7 91 3 80 4 35 9 98 78 20 99 5 87 19
TEST 1 ARG:76 63 79 47 43 14 86 40 60 11 50 85 91 97 95 28 21 17 90 84 57 10 12 5 94 19 72 67 20 15 82 55 64 88 73 30 4 69 7 45 26 27 77 22 23 1 2 8 44 13 75 37 54 80 89 3 74 0 33 98 46 71 9 70 78 31 93 66 59 49 92 52 96 25 34 18 48 36 32 39 61 41 35 58 99 16 53 6 62 56 65 83 68 29 42 87 81 51 24 38
TEST 1 ARG:40 82 3 1 69 23 5 11 54 13 64 63 58 89 45 16 86 92 79 12 44 93 97 60 19 8 30 42 84 75 50 46 68 36 31 20 74 61 81 88 95 15 37 33 2 25 52 80 48 59 29 7 76 51 62 47 24 43 22 85 94 38 6 90 99 21 96 55 27 71 87 67 91 14 35 18 28 78 66 9 10 57 98 53 49 72 65 34 39 73 77 4 0 56 32 26 17 41 83 70
TEST 1 ARG:79 46 47 63 84 9 23 22 74 12 54 50 82 85 16 6 83 26 96 98 33 97 31 7 37 10 0 24 21 3 28 27 91 53 43 90 61 99 49 72 65 42 71 30 66 68 15 51 52 93 87 41 75 5 89 35 57 55 60 4 64 94 86 95 29 1 77 67 44 69 45 13 32 62 78 19 17 76 56 70 8 11 48 88 80 92 59 40 18 14 20 38 39 81 73 58 34 36 2 25
TEST 1 ARG:64 74 86 69 36 32 1 98 25 58 48 90 50 27 92 67 19 46 83 91 87 22 71 52 66 82 65 44 63 95 12 13 34 35 84 28 39 17 72 16 3 76 11 78 59 56 2 29 5 85 21 47 7 6 30 49 80 93 26 88 75 31 20 55 15 68 18 8 41 57 40 62 70 53 14 33 54 99 96 97 38 10 43 42 37 61 4 79 60 81 73 9 23 51 94 0 24 77 89 45
TEST 1 ARG:32 10 60 9 30 59 14 80 79 94 21 28 63 90 73 74 81 93 50 38 57 84 13 29 19 53 17 23 89 69 61 25 39 34 44 20 42 52 55 41 51 11 88 15 92 99 72 36 49 1 8 68 62 43 40 65 71 96 0 98 5 6 45 70 46 4 48 56 26 24 76 31 83 97 37 91 66 82 64 12 86 33 78 35 58 3 75 87 2 22 7 67 77 54 16 47 27 95 18 85
TEST 1 ARG:64 12 3 37 28 81 5 18 46 87 89 66 57 82 36 92 76 97 4 42 91 25 39 43 16 73 61 9 8 63 22 33 88 54 80 62 15 1 10 6 21 23 34 26 7 75 72 60 44 85 17 24 55 93 48 74 98 58 2 68 20 94 49 19 83 41 95 50 78 99 86 65 69 27 53 29 96 0 32 77 71 79 14 38 67 30 52 56 11 35 90 13 40 59 47 70 31 51 45 84
TEST 1 ARG:43 30 95 78 10 5 87 13 54 4 66 23 11 94 1 99 26 8 76 91 48 18 24 42 88 3 86 29 16 62 21 33 12 77 17 81 89 67 73 98 93 83 22 40 27 0 41 85 65 69 14 56 35 44 60 58 46 82 20 55 75 38 71 31 80 49 51 50 57 45 96 72 53 70 28 25 7 52 37 59 15 9 63 47 19 61 39 84 2 90 32 74 68 97 64 92 34 79 6 36
TEST 1 ARG:34 72 95 32 2 55 97 86 81 93 1 16 21 29 26 67 49 24 62 82 25 91 46 35 3 99 4 60 15 44 50 68 87 80 66 17 64 40 71 76 14 88 57 31 8 22 52 74 53 43 85 56 59 65 0 33 90 63 51 77 47 58 6 78 48 89 73 13 98 7 28 10 41 30 27 39 5 20 69 12 9 92 42 94 37 96 79 23 18 70 11 45 61 36 19 84 54 75 83 38
TEST 1 ARG:99 2 5 33 96 80 45 13 48 66 25 95 52 11 85 47 31 6 7 88 39 98 94 17 19 79 84 90 59 26 91 57 55 67 51 81 56 32 46 23 44 8 12 65 76 63 35 87 14 92 64 70 89 75 37 30 0 27 38 20 60 97 18 4 43 71 53 10 69 54 50 93 16 86 82 15 9 21 68 34 41 77 83 62 1 49 72 22 42 24 78 74 36 58 40 3 29 73 28 61
TEST 1 ARG:99 14 17 72 12 1 85 96 26 78 86 82 55 15 8 62 41 77 27 6 42 53 18 67 58 70 93 47 30 75 80 68 25 65 81 54 13 22 71 60 49 74 90 64 43 79 88 39 46 2 0 94 9 33 45 20 69 24 84 63 36 91 57 40 19 73 66 11 52 38 61 89 4 56 92 7 76 21 83 29 3 16 95 37 35 10 97 44 28 23 32 59 48 51 31 5 34 87 98 50
TEST 1 ARG:78 87 85 72 7 93 29 36 75 82 62 65 92 35 0 69 17 13 12 56 26 97 9 18 45 64 77 2 33 90 39 47 52 55 21 61 3 16 42 70 6 53 88 37 11 43 44 80 73 14 96 83 31 30 51 40 4 54 1 38 74 98 95 63 23 20 94 76 32 46 91 8 22 34 41 68 15 57 25 60 71 59 58 28 67 49 86 89 99 24 50 10 48 84 19 81 27 5 66 79
TEST 1 ARG:67 19 17 63 6 23 76 40 8 39 43 31 1 12 94 99 78 62 58 88 0 50 5 83 26 24 13 70 85 47 80 30 93 57 28 61 9 42 75 60 18 69 48 95 15 33 38 35 74 16 7 91 53 71 66 25 49 2 44 72 89 59 98 97 96 54 21 3 45 86 46 81 65 68 41 29 11 79 77 14 90 10 82 84 51 52 37 64 22 56 92 32 73 87 20 55 36 27 4 34
TEST 1 ARG:27 97 76 37 23 62 33 64 21 78 71 8 35 89 34 22 4 5 57 3 61 26 17 53 83 6 2 36 18 66 85 24 12 9 69 1 92 79 25 45 31 29 96 73 38 7 84 16 10 91 41 13 88 28 46 47 42 98 77 72 75 50 32 93 81 55 39 19 11 67 82 51 30 56 63 87 40 14 60 94 59 43 90 99 49 54 70 80 86 15 58 52 44 20 95 65 68 74 0 48
TEST 1 ARG:71 61 99 72 90 6 62 91 98 70 68 12 23 26 85 82 4 93 89 94 28 56 19 1 79 49 10 86 55 44 69 77 54 21 95 58 38 78 40 57 76 17 3 42 24 36 33 18 45 97 32 96 2 0 84 7 80 60 15 51 35 34 83 20 13 29 11 92 53 63 41 66 59 37 52 47 39 50 25 9 14 22 27 30 87 65 74 46 48 67 73 81 43 75 64 5 16 31 8 88
TEST 1 ARG:12 17 70 56 63 28 95 25 5 16 90 79 69 0 29 39 47 88 50 71 1 9 32 82 14 62 24 21 46 53 36 78 55 40 44 31 99 76 73 48 26 59 51 30 77 20 23 34 91 57 10 72 18 3 43 4 68 94 33 41 92 54 84 86 93 65 66 75 67 37 22 13 98 11 7 89 2 6 49 85 60 27 45 38 83 52 35 19 81 96 61 8 64 15 58 74 87 42 80 97
TEST 1 ARG:54 12 71 80 4 38 36 16 13 20 89 64 33 81 83 84 2 78 53 9 97 61 25 5 56 73 90 85 18 40 11 82 44 34 79 57 19 45 6 48 7 96 30 93 10 51 37 50 88 21 94 35 23 49 26 95 62 86 15 39 58 8 98 75 99 17 42 46 32 91 77 31 69 22 76 0 3 55 41 70 14 65 63 92 52 43 59 24 87 1 68 28 67 74 29 60 66 72 27 47
TEST 1 ARG:61 30 68 1 42 48 69 76 46 36 90 17 75 5 78 25 60 28 70 22 52 38 6 63 85 23 62 89 66 8 73 72 87 95 79 50 56 32 74 93 55 45 94 43 64 97 24 39 14 16 19 20 31 33 71 83 18 13 29 47 3 84 2 59 9 92 65 10 15 81 37 96 88 77 80 58 12 34 91 11 82 35 99 27 98 86 21 4 40 26 49 7 57 44 53 67 54 41 0 51
TEST 1 ARG:75 32 52 11 92 22 41 65 86 43 62 89 42 31 80 88 48 13 82 98 18 58 57 19 7 16 81 94 9 61 45 25 59 51 20 55 99 96 95 5 91 49 8 83 90 4 64 2 50 69 76 36 97 68 24 33 39 44 38 29 21 85 47 1 6 67 72 23 26 73 87 84 77 27 10 17 63 37 0 79 3 12 35 54 60 15 93 74 40 70 56 30 78 46 34 53 28 66 14 71
TEST 1 ARG:61 72 73 76 66 9 13 55 7 65 41 2 77 15 54 96 44 31 85 1 80 79 6 20 29 62 69 37 35 45 83 18 94 43 91 27 21 52 67 88 57 47 28 50 64 93 5 86 26 56 30 81 58 63 32 71 53 23 34 40 90 25 14 11 97 98 19 68 78 60 24 36 92 84 95 39 33 49 42 16 8 74 89 4 22 51 87 38 70 0 82 48 99 59 12 46 3 10 75 17
TEST 1 ARG:49 74 37 34 73 80 46 75 86 25 27 11 47 21 97 42 68 1 94 57 58 81 16 5 54 32 93 62 59 36 10 2 29 77 8 12 3 7 64 17 91 82 0 19 66 63 56 39 26 23 20 89 24 31 65 33 78 14 15 48 87 71 44 35 45 72 53 40 13 30 79 85 69 6 98 51 9 50 83 41 61 38 22 99 43 70 96 4 67 18 92 55 76 84 88 95 90 52 28 60
TEST 1 ARG:46 30 22 77 50 58 42 20 14 67 47 3 66 26 99 54 84 88 70 97 17 59 91 51 5 62 35 9 79 23 48 76 24 52 65 37 73 11 55 41 40 56 94 8 0 74 7 83 25 21 82 19 36 1 32 53 6 86 13 60 12 90 80 87 89 27 93 57 71 95 34 31 78 72 39 29 15 10 69 44 64 98 18 16 68 33 92 96 75 81 43 61 45 85 49 28 2 4 38 63
TEST 1 ARG:91 55 72 20 45 21 1 2 40 11 65 62 88 74 27 35 32 61 39 82 54 71 16 15 6 43 42 68 34 3 22 83 41 47 79 93 7 99 87 94 80 31 53 36 70 75 23 4 33 67 50 5 76 52 37 8 25 26 46 84 89 57 56 19 30 44 28 64 10 17 60 12 86 85 18 24 0 9 73 58 97 95 38 63 66 59 51 69 48 90 14 29 81 96 78 77 49 98 13 92
TEST 1 ARG:97 32 25 46 16 89 75 74 95 30 28 70 44 45 88 91 62 41 40 67 10 12 96 15 65 22 14 34 9 56 47 50 39 5 27 8 76 87 35 61 69 3 42 7 94 84 90 1 37 83 81 4 59 23 54 13 99 36 19 18 85 68 11 29 58 49 53 79 0 78 80 82 63 20 77 92 52 60 33 51 43 93 6 71 17 31 21 57 72 73 98 38 66 86 48 2 26 24 64 55
TEST 1 ARG:95 98 69 74 32 70 0 47 58 55 38 28 59 88 26 42 52 35 19 87 16 94 40 43 29 46 99 18 97 60 80 85 8 96 67 24 72 4 68 77 12 1 11 91 45 39 92 23 49 33 64 44 89 13 75 63 51 84 34 36 41 10 56 5 9 93 71 78 31 15 37 27 86 2 90 83 66 57 14 76 54 62 30 6 3 25 20 53 73 65 48 81 17 7 22 79 50 82 21 61
TEST 1 ARG:89 47 59 18 19 97 25 74 83 43 28 85 40 33 81 60 92 79 98 14 58 10 69 87 55 90 15 76 57 65 41 56 9 63 88 30 2 67 75 0 13 71 48 86 68 7 12 31 11 94 82 22 78 66 23 16 61 80 39 52 36 73 44 46 6 34 72 77 1 49 8 5 32 26 21 53 37 91 3 54 29 45 27 84 96 93 17 42 99 62 50 51 64 20 95 24 35 38 70 4
TEST 1 ARG:48 29 0 35 11 66 56 36 89 47 46 44 51 22 64 16 95 78 71 81 52 72 61 24 67 76 50 21 75 69 77 34 86 98 27 20 31 91 42 39 17 23 37 55 96 13 99 57 1 5 74 62 80 87 2 8 59 97 82 40 63 12 14 54 18 7 45 15 10 84 68 90 43 30 53 33 79 83 92 41 85 38 94 49 73 88 9 28 4 58 3 60 65 19 6 32 25 26 70 93
TEST 1 ARG:82 10 8 38 67 66 48 36 80 24 85 13 79 58 0 88 74 81 22 60 5 35 15 76 63 39 12 44 2 77 92 90 57 56 11 68 72 23 28 17 70 42 18 53 34 37 31 19 69 41 59 86 33 26 14 65 50 99 7 89 75 25 98 95 47 21 71 40 73 49 20 83 30 16 51 1 52 96 43 9 46 97 62 93 3 32 6 29 55 64 27 54 84 94 4 87 45 61 78 91
TEST 1 ARG:9 52 65 27 11 43 59 48 19 53 76 72 38 58 50 73 7 74 94 98 25 1 79 47 34 70 12 15 41 77 45 97 67 28 71 89 30 17 16 93 88 49 22 4 42 62 46 81 86 6 5 51 83 57 99 21 82 61 0 63 29 26 2 95 78 40 31 39 8 92 85 35 90 24 87 66 23 80 3 37 44 55 91 75 84 64 18 54 32 56 96 14 33 10 20 60 13 36 69 68
TEST 1 ARG:98 96 27 74 25 63 66 92 88 3 28 48 65 15 34 36 57 93 30 67 94 73 37 53 9 81 1 47 45 84 20 75 99 19 54 71 43 33 13 82 90 41 12 31 70 17 6 38 97 23 46 95 29 61 83 4 87 24 51 0 89 59 32 22 16 91 10 50 21 55 79 40 86 11 42 77 64 60 76 68 8 44 2 26 80 35 18 5 56 62 49 72 78 69 85 58 14 7 52 39
TEST 1 ARG:50 90 29 87 92 70 75 28 67 98 14 62 16 46 68 74 5 58 88 33 8 47 79 24 63 81 0 94 41 91 76 44 18 57 36 85 96 55 1 35 99 78 10 72 20 3 17 83 80 22 86 9 4 39 15 27 23 93 43 6 61 77 95 30 11 25 71 69 21 13 32 73 84 12 89 52 64 19 34 65 7 59 54 26 66 56 60 49 97 51 82 42 37 40 38 31 45 2 48 53
TEST 1 ARG:49 85 40 69 51 16 5 61 64 7 8 25 50 86 2 37 67 99 98 97 73 75 88 27 80 63 92 65 9 42 12 94 39 47 83 3 11 89 45 72 53 13 66 20 35 84 70 91 34 21 79 22 56 52 29 38 10 59 90 58 33 6 30 93 76 41 1 32 36 28 77 60 19 46 81 57 55 0 23 78 15 44 62 82 43 74 68 71 18 96 54 4 24 26 17 87 14 31 48 95
TEST 1 ARG:68 56 29 34 50 31 53 99 33 75 63 41 70 98 40 14 58 9 95 45 83 89 52 27 36 62 73 46 60 96 37 67 57 6 65 84 51 80 24 79 54 69 71 43 94 20 15 48 93 92 49 19 74 10 30 17 61 78 76 26 81 7 12 25 47 90 13 21 32 91 82 85 59 23 77 1 97 18 22 44 42 16 2 39 4 66 72 28 86 11 38 35 64 3 5 8 88 87 55 0
TEST 1 ARG:39 80 9 82 61 52 13 35 23 32 20 60 22 92 1 11 53 90 18 57 98 48 31 70 46 29 75 63 95 37 0 50 58 94 40 79 68 97 99 28 14 71 87 47 24 85 55 66 81 72 84 15 88 25 62 77 17 42 38 12 89 83 76 27 16 34 30 5 73 78 33 69 91 21 10 93 36 64 4 51 44 41 43 7 74 19 59 96 65 67 2 45 56 54 49 8 86 3 26 6
TEST 1 ARG:66 24 76 57 4 1 12 13 97 21 55 71 6 9 87 59 86 52 53 64 38 28 92 85 89 45 41 10 50 94 93 61 11 30 46 68 43 23 36 17 60 26 65 42 88 3 33 83 95 77 49 29 54 40 5 25 7 15 16 72 58 20 19 18 78 96 0 84 98 39 99 2 74 44 56 8 63 81 51 32 75 80 73 62 35 69 47 14 37 91 27 31 82 34 70 79 48 67 22 90
TEST 1 ARG:63 51 0 59 47 38 54 99 96 97 36 86 70 45 61 81 11 62 2 31 5 27 26 49 17 48 28 32 20 80 23 42 30 98 22 65 94 57 56 87 79 53 85 90 88 37 7 6 68 4 18 12 83 39 25 41 60 8 10 75 91 89 92 16 1 66 72 15 58 46 73 34 40 52 76 69 78 71 33 44 64 82 95 19 67 29 77 21 55 14 93 24 74 50 84 43 9 13 3 35
TEST 1 ARG:57 34 76 84 94 25 81 92 16 33 50 72 56 43 37 93 88 48 39 85 66 19 74 18 12 46 77 61 52 36 65 23 21 59 87 89 49 51 14 91 9 79 27 35 44 10 38 75 4 17 32 86 13 3 78 29 28 70 98 47 73 69 63 71 30 0 41 64 53 82 60 8 95 5 54 42 22 99 31 11 67 45 26 20 55 40 15 83 62 97 68 6 24 80 1 96 90 2 58 7
TEST 1 ARG:59 73 24 52 76 42 74 20 27 36 62 15 60 33 14 35 82 49 64 19 40 89 51 80 41 2 11 46 56 18 17 5 29 22 81 7 85 96 9 84 90 53 94 63 79 67 58 38 30 50 61 32 0 26 54 93 77 99 47 43 25 98 45 4 87 70 23 78 28 48 88 71 95 8 31 37 69 44 97 57 6 16 13 12 65 34 75 86 72 92 21 39 1 83 55 3 10 91 66 68
TEST 1 ARG:79 53 29 12 14 84 83 48 70 0 15 77 35 60 56 24 27 7 16 96 43 64 51 95 11 44 33 46 65 32 28 37 31 21 94 2 54 91 5 36 98 20 55 68 23 8 66 63 87 38 81 52 1 88 80 49 18 97 85 3 22 45 61 19 25 26 6 40 75 99 4 30 9 10 59 47 82 92 71 76 74 90 50 57 34 89 58 73 39 42 13 41 86 78 72 62 17 69 67 93
TEST 1 ARG:14 44 59 89 98 15 45 48 71 87 16 80 42 57 35 38 79 83 43 17 7 2 49 68 74 32 62 58 39 93 84 22 97 88 23 21 72 1 91 81 90 37 25 20 11 9 12 18 52 26 29 94 50 24 95 77 66 92 51 53 13 86 36 69 65 8 64 54 55 31 46 75 56 5 96 19 47 67 70 78 85 41 30 76 33 61 6 60 63 99 82 40 28 10 34 73 0 4 3 27
TEST 1 ARG:9 26 19 92 37 79 84 98 54 12 23 63 33 61 64 14 20 50 68 46 76 18 43 24 2 58 41 70 97 59 78 30 85 66 75 96 42 49 83 93 90 32 16 27 21 51 0 80 99 88 34 31 95 10 38 47 57 36 48 45 73 39 67 65 87 11 69 72 22 4 62 71 91 29 56 52 55 6 81 5 60 8 40 28 77 94 74 17 35 82 15 7 44 13 3 86 53 1 25 89
TEST 1 ARG:16 5 20 18 30 21 61 24 54 73 51 58 26 29 34 31 2 17 65 78 9 10 22 40 46 43 97 80 94 53 49 48 81 50 60 14 59 93 75 71 79 69 28 42 99 86 56 72 0 1 68 70 92 7 89 33 44 47 98 3 84 25 85 11 19 15 32 64 45 67 27 74 76 23 66 38 52 4 37 91 95 55 83 57 13 77 6 35 87 8 88 39 41 96 90 36 12 63 62 82
TEST 1 ARG:38 46 78 12 67 93 51 52 30 81 24 26 76 61 53 63 96 16 47 86 99 18 20 62 64 94 84 48 34 36 25 71 92 4 33 59 40 8 66 7 69 75 58 50 1 79 42 83 87 44 57 80 72 35 89 56 6 28 82 85 23 19 39 9 31 32 97 2 27 98 41 3 37 5 65 74 49 11 55 29 10 88 15 60 77 70 13 21 91 43 95 14 90 68 73 45 22 0 17 54
TEST 1 ARG:9 25 5 74 12 21 48 45 7 87 96 31 81 23 97 35 80 67 65 99 28 91 95 77 60 47 49 34 3 39 6 32 62 78 52 98 37 86 61 56 30 68 4 53 27 43 94 64 59 10 29 85 16 72 82 70 15 71 22 33 89 20 19 1 24 79 0 36 8 2 55 26 18 57 92 42 41 76 13 75 14 11 88 84 93 83 63 50 90 46 73 44 17 66 40 58 54 38 51 69
TEST 1 ARG:38 42 34 25 89 69 1 81 92 14 74 87 2 37 16 61 50 28 12 95 83 72 84 71 13 8 4 49 39 60 66 85 54 67 76 57 79 77 15 31 44 86 53 91 32 24 64 97 90 55 3 40 0 62 10 63 98 27 5 88 43 6 80 70 52 65 82 96 48 68 47 7 45 58 17 56 94 18 21 36 75 51 73 41 30 19 29 35 78 26 22 93 20 59 9 23 33 99 46 11
TEST 1 ARG:5 91 80 84 73 2 45 11 1 89 93 18 51 43 6 25 47 62 77 40 30 60 29 32 39 63 99 83 87 72 67 90 13 95 8 34 66 65 75 16 94 20 92 23 3 56 27 46 4 49 78 31 22 64 98 12 82 26 36 57 37 14 52 88 42 68 71 7 54 10 81 35 50 33 96 9 76 0 61 41 44 97 15 70 69 85 28 55 59 21 24 38 17 48 86 19 58 74 53 79
TEST 1 ARG:76 41 55 74 97 44 50 69 8 77 32 13 54 27 80 6 30 75 4 60 40 92 35 59 57 28 93 1 99 84 72 68 26 63 51 31 86 58 46 18 36 81 67 23 71 49 89 47 19 65 53 3 21 33 2 83 52 15 11 78 88 56 14 96 37 98 61 73 82 94 90 10 38 25 95 7 29 12 45 85 43 62 91 20 22 42 64 66 34 87 79 39 17 48 16 24 70 9 0 5
TEST 1 ARG:33 12 30 2 14 45 56 77 60 81 51 59 39 75 53 98 90 46 24 42 63 72 32 66 64 36 15 94 62 65 35 17 74 27 21 57 5 23 71 67 29 97 13 68 38 6 88 83 25 1 96 43 20 10 22 85 82 4 99 37 70 95 8 7 80 92 73 28 93 26 84 11 54 52 86 47 19 78 0 18 69 48 34 44 3 49 61 79 50 76 40 91 89 16 55 58 41 31 9 87
TEST 1 ARG:99 18 8 3 11 91 64 74 34 95 51 28 16 87 54 41 10 63 13 65 57 21 24 84 32 73 45 75 42 9 26 6 14 96 92 78 80 89 58 38 77 67 86 93 37 82 31 72 48 98 15 83 46 2 50 5 76 25 79 53 4 71 39 23 81 47 35 1 12 60 61 27 90 44 97 29 52 68 70 66 19 55 40 59 0 33 22 62 43 30 7 69 36 94 49 85 56 88 20 17
TEST 1 ARG:98 59 69 36 4 48 23 9 85 28 18 75 39 2 93 77 86 11 41 32 50 79 17 16 87 19 83 38 52 72 89 84 99 54 96 60 91 73 40 10 1 57 24 12 14 3 56 7 70 66 49 80 51 68 97 43 6 81 46 33 13 44 95 47 74 53 58 30 27 64 29 37 21 78 34 67 20 76 82 62 92 61 22 26 25 45 90 94 31 0 55 88 5 35 8 71 15 65 42 63
TEST 1 ARG:79 33 42 34 36 13 65 17 4 91 72 81 64 7 28 49 31 99 73 30 24 9 41 86 27 76 94 60 38 96 19 82 1 89 40 6 23 3 5 63 14 20 74 47 58 77 43 51 61 45 29 87 16 0 26 56 98 21 52 54 15 57 39 59 48 32 83 11 25 12 67 55 70 37 88 85 8 68 2 78 97 75 44 10 22 53 95 92 66 71 80 62 84 69 50 46 93 90 35 18
TEST 1 ARG:0 12 19 22 54 20 89 80 57 30 69 64 74 84 67 35 18 51 39 91 96 68 8 81 55 21 82 92 72 93 63 75 3 38 44 53 95 71 73 32 31 42 49 15 26 6 2 40 45 37 58 99 17 9 29 4 70 60 98 56 61 34 24 77 97 27 33 76 78 79 88 14 46 94 66 36 5 11 62 65 86 43 48 1 90 16 41 87 7 47 23 13 83 59 85 52 25 10 28 50
TEST 1 ARG:97 85 78 77 28 84 32 33 56 7 96 17 60 14 19 43 13 98 42 72 49 63 48 12 9 41 86 29 39 31 54 25 10 58 0 15 21 82 6 83 2 92 37 8 65 62 47 67 74 75 11 73 24 88 91 52 76 27 45 68 35 50 23 66 44 57 71 80 4 1 79 22 34 3 99 30 90 46 81 64 93 5 26 59 94 69 89 20 95 38 87 16 51 40 18 53 55 36 61 70
TEST 1 ARG:46 28 94 24 15 29 41 35 43 84 52 59 81 73 26 91 80 7 99 61 56 82 42 77 18 90 66 88 69 79 25 13 63 98 49 31 53 23 48 64 76 0 32 30 10 97 33 58 17 93 62 74 12 37 22 1 21 14 39 78 11 71 70 67 4 36 9 65 60 72 6 2 54 44 34 83 20 51 75 57 40 87 16 95 45 55 50 86 92 47 89 5 19 38 96 85 68 8 27 3
TEST 1 ARG:30 88 59 7 63 40 68 94 44 12 32 2 85 50 6 73 53 21 52 62 28 86 14 58 43 99 84 22 38 81 82 78 3 64 93 75 24 79 19 77 34 55 47 33 25 54 80 70 13 31 74 87 97 18 4 17 51 39 37 76 9 0 11 15 91 1 67 57 69 45 49 71 20 41 46 89 42 8 65 26 5 35 56 23 90 92 95 66 29 98 83 16 27 36 60 72 48 10 96 61
TEST 1 ARG:86 34 66 42 81 55 33 72 12 68 29 10 52 73 56 64 53 13 79 75 60 93 63 90 97 87 44 7 25 22 84 30 5 62 98 39 58 99 4 41 78 67 38 24 0 76 45 71 89 85 21 50 11 92 1 35 31 6 20 91 95 26 59 32 9 51 74 2 40 16 15 82 3 48 27 80 94 49 17 14 43 65 19 37 88 36 57 77 28 61 46 47 83 69 8 70 18 23 54 96
TEST 1 ARG:13 59 45 89 75 11 62 76 16 98 34 51 61 31 7 40 78 42 58 44 68 39 28 47 81 21 55 83 90 80 63 33 20 53 91 52 73 18 85 2 3 77 15 43 65 27 74 14 49 1 82 96 50 12 37 67 57 95 24 99 54 70 10 64 5 86 0 30 9 94 84 22 71 19 60 8 26 97 32 17 92 56 35 38 46 48 72 23 66 25 6 29 4 93 88 79 69 41 36 87
TEST 1 ARG:42 8 28 37 69 83 19 74 3 84 82 23 46 99 47 22 71 13 68 91 12 62 70 53 15 94 59 51 35 39 16 93 54 90 77 63 31 80 17 1 18 38 88 44 57 55 87 25 10 86 45 43 67 65 81 40 97 61 66 96 20 89 58 2 76 33 27 32 30 73 95 52 9 85 34 50 92 14 24 75 5 98 4 6 0 26 72 11 64 29 21 41 49 78 7 79 36 48 56 60
TEST 1 ARG:94 70 8 29 4 74 41 78 45 95 59 79 33 12 7 28 21 89 37 32 96 42 84 72 64 88 97 26 44 69 80 3 27 22 66 71 30 25 43 50 6 60 24 81 19 2 75 20 40 98 36 34 92 90 39 55 53 91 46 48 82 99 54 83 56 68 10 23 49 1 67 38 77 47 15 93 61 87 65 14 52 5 11 17 16 13 35 63 57 86 51 0 58 62 9 76 73 18 31 85
TEST 1 ARG:82 39 29 36 51 0 76 31 13 86 24 2 84 26 93 30 60 45 97 38 50 1 77 28 6 63 92 16 79 65 85 47 69 11 14 70 96 81 99 23 90 94 33 74 35 71 46 7 41 8 89 57 66 37 44 43 62 20 59 55 27 32 9 64 40 72 80 75 34 58 42 88 18 98 48 17 12 53 83 25 4 21 78 10 68 15 91 54 3 95 73 61 22 67 19 5 87 49 56 52
TEST 1 ARG:33 74 35 85 55 13 96 87 20 37 44 29 72 48 8 63 18 76 73 0 17 2 97 86 42 64 16 90 36 14 61 95 6 82 52 31 58 39 88 53 91 99 70 43 49 41 38 50 56 34 68 21 51 46 69 3 71 84 57 28 59 79 66 25 19 75 92 7 11 23 89 80 15 60 67 78 98 30 77 24 62 40 32 65 83 81 94 27 5 1 45 22 54 10 9 93 26 12 4 47
TEST 1 ARG:46 64 2 38 89 68 90 75 76 7 49 97 83 81 17 94 5 10 84 11 63 53 25 24 32 96 93 36 52 19 51 85 23 3 14 57 47 74 54 37 29 27 60 39 13 28 95 1 44 34 30 8 62 31 55 61 20 70 91 50 48 42 88 58 80 4 86 6 0 33 99 16 67 56 15 35 59 98 78 45 43 77 21 22 71 40 79 73 65 92 9 18 82 41 66 26 12 72 87 69
TEST 1 ARG:45 16 1 82 7 17 79 19 93 25 63 26 27 3 42 4 66 12 88 8 32 65 71 28 2 47 23 69 56 94 38 75 91 98 50 72 78 20 51 58 92 40 62 41 13 74 76 39 84 35 31 99 80 90 83 54 95 0 11 67 85 30 55 70 9 64 21 60 89 77 53 96 81 43 48 5 6 86 46 59 29 18 37 61 57 14 73 15 44 34 97 10 22 24 49 68 36 52 87 33
TEST 1 ARG:49 91 38 96 81 95 0 59 4 3 85 45 48 86 77 7 64 26 67 28 25 22 6 54 2 41 76 31 34 44 71 42 92 47 57 10 1 21 55 79 83 43 50 74 58 17 80 69 19 40 14 52 37 62 70 65 73 35 68 5 11 39 97 18 32 94 29 99 13 89 36 87 98 88 27 93 33 82 24 12 78 46 60 16 23 90 15 66 75 72 51 9 84 61 63 53 30 56 8 20
TEST 1 ARG:8 43 65 53 90 66 1 5 63 91 33 3 18 14 76 21 25 10 97 7 85 70 30 42 29 82 60 78 27 99 4 11 24 6 31 71 96 55 36 50 0 56 13 47 12 32 98 15 19 72 88 69 37 38 59 54 89 26 81 28 52 23 79 83 86 48 46 68 51 93 20 84 77 80 40 22 94 41 17 64 87 73 92 62 58 61 67 75 74 9 45 57 16 2 35 44 34 95 49 39
TEST 1 ARG:11 7 24 35 60 33 64 34 79 2 50 18 65 87 17 51 78 94 56 27 77 38 3 46 59 30 85 13 8 26 5 36 75 6 66 23 81 42 73 80 62 92 98 39 14 93 84 43 90 89 67 58 31 45 29 41 97 54 91 70 95 19 99 0 96 16 48 88 44 76 12 32 53 9 86 68 55 49 72 57 20 21 83 63 61 25 69 74 22 40 37 71 52 82 15 1 47 28 10 4
TEST 1 ARG:29 63 59 85 19 33 64 73 45 31 35 47 44 50 75 52 55 94 88 25 2 71 34 3 1 5 80 22 83 97 77 96 32 87 0 21 20 70 26 15 18 62 51 78 69 79 9 48 66 54 58 14 49 13 8 56 74 28 43 36 27 24 4 82 89 30 67 10 37 41 23 6 12 90 11 38 81 57 98 17 16 60 95 72 99 86 76 61 84 42 46 7 65 68 53 91 40 92 39 93
TEST 1 ARG:5 72 49 98 11 23 73 61 82 86 10 8 12 79 1 90 13 89 25 4 45 57 27 96 0 66 16 94 35 83 9 92 54 88 76 63 51 40 24 39 14 44 60 62 91 42 87 93 34 15 77 47 71 55 36 69 58 41 65 56 59 29 20 2 32 70 18 22 53 7 48 78 37 68 43 67 33 75 74 46 84 95 30 19 3 50 85 17 81 52 31 99 6 97 80 28 64 21 26 38
TEST 1 ARG:38 99 6 44 85 65 35 10 89 74 82 81 1 24 9 68 13 15 63 16 66 76 87 69 62 20 48 95 91 30 40 39 56 2 45 27 7 37 43 29 73 41 14 64 50 71 47 31 42 67 60 3 33 55 98 80 78 49 18 97 52 61 86 88 32 26 34 79 23 22 25 36 96 54 8 72 17 53 94 0 11 28 19 12 77 93 70 58 51 57 21 83 59 90 46 4 84 92 75 5
TEST 1 ARG:42 18 41 44 8 20 16 24 45 28 65 84 47 76 80 66 37 31 62 83 29 97 2 72 50 99 53 98 30 91 87 27 25 61 64 90 77 23 68 59 70 52 85 21 11 55 9 33 78 15 67 7 34 71 56 38 3 96 88 13 1 63 92 10 6 93 79 58 89 36 86 94 19 17 75 57 48 74 95 40 12 32 14 46 39 69 51 35 82 73 81 54 22 60 0 5 43 26 49 4
TEST 1 ARG:65 93 46 55 14 37 1 36 53 10 97 92 79 82 60 63 95 90 59 83 3 84 44 56 86 39 11 42 16 40 61 33 9 48 45 41 96 31 5 22 15 49 6 17 81 57 35 91 4 12 26 76 70 51 20 75 30 78 43 27 8 64 69 58 85 24 54 89 28 62 38 71 94 34 19 25 66 67 13 52 98 0 23 68 7 80 2 99 29 50 72 18 88 21 32 87 47 73 77 74
TEST 1 ARG:96 62 15 98 84 87 85 95 83 40 79 48 82 18 26 93 90 78 36 42 67 33 89 52 37 46 0 44 54 88 25 92 51 29 60 74 50 9 66 17 75 58 20 8 10 35 61 63 68 56 65 43 71 34 5 70 28 2 11 99 73 57 38 21 6 1 45 72 55 69 80 14 81 27 30 41 64 19 32 4 86 39 77 12 53 97 94 49 76 24 3 16 23 31 47 13 22 59 91 7
TEST 1 ARG:55 90 93 74 45 0 64 52 40 12 4 79 13 25 10 83 15 46 70 86 60 2 8 66 48 23 19 11 49 39 21 99 69 41 73 77 59 22 95 72 18 80 50 67 29 62 28 9 97 26 63 38 42 75 88 5 44 53 89 61 94 24 35 98 36 1 3 17 78 76 16 20 37 58 92 31 14 82 51 27 33 84 57 87 81 32 7 43 34 6 71 91 54 56 68 65 47 85 30 96
TEST 1 ARG:99 95 84 20 29 44 34 18 41 1 77 81 14 10 69 47 38 51 72 22 71 31 57 50 28 76 68 40 53 60 49 54 9 63 83 21 39 12 4 33 55 19 61 52 86 35 46 17 98 87 75 45 58 93 73 23 25 24 42 30 67 3 27 65 80 91 94 85 11 5 37 92 97 90 78 2 74 88 48 64 79 66 59 82 6 32 26 70 15 62 56 16 7 8 96 0 36 43 89 13
TEST 1 ARG:59 9 18 71 46 37 60 15 68 57 91 20 21 29 74 93 75 48 0 26 3 58 84 28 80 10 39 33 67 90 62 49 99 12 94 79 25 85 16 19 70 1 5 43 98 77 96 76 82 34 47 53 32 78 7 55 45 8 92 51 44 95 56 31 36 63 50 40 22 41 61 42 30 35 66 87 13 97 11 86 23 89 52 65 27 4 72 69 73 14 54 88 38 17 2 24 83 6 64 81
TEST 1 ARG:36 24 64 13 54 11 6 21 68 85 4 72 18 93 74 12 22 81 51 41 99 79 35 65 59 7 71 98 39 86 14 46 69 80 27 23 58 19 52 66 75 40 63 87 96 89 34 25 78 57 38 48 32 37 97 20 47 70 94 33 0 88 29 56 45 61 1 95 16 43 2 92 77 84 5 91 49 67 30 60 26 83 73 17 10 42 53 28 8 55 3 62 15 9 44 90 76 50 82 31
TEST 1 ARG:32 42 61 0 24 96 55 63 2 50 51 31 21 41 49 93 76 95 30 74 81 3 36 77 66 54 13 29 57 45 11 56 6 86 12 84 43 27 53 22 97 14 68 9 73 70 1 75 28 83 40 99 62 34 20 37 46 71 82 35 18 19 58 78 59 16 65 48 94 39 88 8 60 38 79 33 23 89 64 52 15 10 7 4 26 92 90 67 72 69 44 17 91 47 98 5 25 87 85 80
TEST 1 ARG:8 45 41 19 22 20 27 55 88 59 46 89 85 68 87 2 30 26 65 9 37 92 50 91 94 44 70 53 4 67 60 74 93 75 25 72 90 5 77 34 51 7 38 18 66 12 57 78 11 80 17 81 64 1 58 49 86 3 76 15 73 14 21 31 52 62 40 24 96 54 98 84 71 29 42 32 95 16 63 39 97 0 10 79 69 36 56 33 23 99 35 61 48 82 13 43 6 47 83 28
TEST 1 ARG:44 50 70 90 97 55 22 33 10 87 83 35 34 65 92 68 36 93 49 12 96 89 9 62 37 95 11 25 47 4 17 1 30 69 18 45 32 63 2 73 84 8 40 77 31 56 71 64 57 75 72 94 15 60 61 86 99 79 54 23 59 20 13 6 74 81 0 19 78 43 5 52 76 80 42 7 67 98 39 51 21 14 82 28 46 58 66 41 26 38 3 16 88 24 85 53 91 29 48 27
TEST 1 ARG:5 4 16 3 9 10 46 37 70 72 63 55 54 53 43 52 12 47 51 65 82 92 20 29 68 60 78 90 44 67 76 73 62 0 59 21 45 42 32 41 96 18 15 36 88 84 94 39 86 95 26 61 27 83 7 6 50 93 91 2 34 97 40 48 77 85 35 38 11 80 75 22 19 99 74 87 28 81 69 89 23 49 66 57 33 13 14 1 71 24 98 31 17 25 56 8 30 79 64 58
TEST 1 ARG:77 0 68 57 14 18 89 23 78 9 72 56 15 37 86 47 63 45 1 29 61 99 58 12 92 97 33 44 4 13 59 5 28 67 26 34 42 51 95 70 2 64 94 96 6 55 24 50 40 49 19 81 22 21 38 71 30 41 32 35 11 80 3 82 84 88 46 27 66 87 76 74 52 17 7 8 73 85 48 53 25 36 31 93 62 79 10 91 60 65 20 43 16 83 39 90 54 69 75 98
TEST 1 ARG:63 36 76 77 27 78 84 15 38 41 64 58 85 93 81 57 94 61 71 75 49 80 17 99 35 50 18 69 25 54 22 26 46 92 9 45 1 33 3 34 23 60 87 47 91 56 96 43 68 86 40 59 44 2 39 67 10 97 73 8 51 89 6 66 13 55 0 19 29 72 37 98 52 4 5 42 74 48 53 83 31 7 70 16 30 24 65 90 32 62 21 14 88 12 82 11 95 79 20 28
TEST 1 ARG:53 51 39 35 43 98 87 81 38 49 92 70 45 17 69 12 60 42 20 52 94 24 95 28 62 1 66 71 22 89 37 55 68 93 96 75 6 74 61 44 30 32 91 41 78 8 10 84 83 57 48 7 50 64 11 82 13 86 36 3 90 34 5 54 58 72 0 88 19 80 33 40 18 65 14 4 26 79 76 73 56 25 9 16 27 23 67 63 2 31 85 97 29 46 15 59 77 47 99 21
TEST 1 ARG:89 8 3 16 9 61 41 88 80 75 4 64 26 51 99 12 5 57 48 22 60 45 65 10 56 76 49 15 77 79 28 54 72 42 86 58 55 94 52 84 6 68 36 95 38 62 29 32 43 97 1 35 14 30 39 92 93 50 74 67 44 90 69 91 70 85 78 82 83 53 11 23 47 87 37 98 0 40 33 21 46 34 19 63 24 59 7 25 17 81 20 2 27 66 71 31 73 18 96 13
TEST 1 ARG:15 20 64 30 45 85 71 95 94 56 88 70 43 60 97 81 24 5 34 26 93 78 19 3 59 23 33 80 35 66 14 2 42 74 7 31 58 79 52 46 44 25 11 8 29 96 32 16 67 37 84 73 9 98 51 62 57 4 10 75 1 90 91 6 50 36 87 39 17 21 47 63 89 83 61 82 77 92 18 22 53 0 86 69 65 68 55 72 99 38 28 13 54 40 41 76 48 27 49 12
TEST 1 ARG:79 6 31 76 64 46 17 88 20 34 41 22 57 54 25 56 96 33 72 66 2 65 18 94 38 68 36 82 71 85 52 29 37 28 19 55 15 87 63 1 42 50 30 60 74 77 3 48 8 16 24 32 90 80 4 21 11 9 62 59 58 97 47 86 26 39 5 93 35 12 40 73 75 83 0 84 7 95 69 92 91 67 51 99 27 14 98 45 23 44 53 78 81 10 61 70 49 43 13 89
TEST 1 ARG:46 43 91 71 94 53 18 9 81 33 1 57 93 41 69 83 19 75 44 29 7 82 68 97 32 77 6 51 80 92 95 16 30 50 40 31 37 15 27 60 74 10 11 67 2 48 66 23 86 13 55 96 56 72 99 63 65 26 54 76 88 58 87 52 20 85 90 0 45 5 8 78 34 28 62 73 64 3 59 47 98 35 84 17 38 12 61 25 21 79 70 39 89 42 14 24 4 36 49 22
TEST 1 ARG:38 34 75 37 63 11 48 33 31 96 18 95 4 68 44 50 57 94 6 86 84 83 90 46 42 26 17 93 1 27 15 45 69 28 22 2 8 30 19 79 73 71 21 9 23 62 16 3 80 67 40 35 91 12 54 55 25 61 32 0 70 89 39 14 82 78 66 49 99 59 81 58 20 43 36 72 88 5 74 98 87 64 10 29 7 52 41 60 56 92 85 76 65 13 51 24 77 97 47 53
TEST 1 ARG:33 26 94 18 76 51 57 11 95 47 49 31 74 99 90 8 48 22 60 77 43 85 30 78 68 4 20 10 28 21 40 35 62 81 37 82 98 25 96 6 36 39 88 75 50 12 15 19 34 5 41 56 71 42 93 70 83 72 84 66 80 79 2 86 73 0 64 63 58 65 29 38 3 27 97 61 55 7 92 91 46 17 54 16 67 44 9 45 23 1 14 87 24 13 53 89 59 69 32 52
TEST 1 ARG:98 72 0 38 19 59 24 66 27 43 22 79 8 3 93 95 56 68 34 71 31 11 70 52 41 45 73 2 37 32 21 39 36 96 83 49 89 10 48 28 92 33 51 25 29 44 50 99 47 58 81 18 4 17 30 76 85 62 65 80 16 97 5 88 7 87 55 91 78 6 84 20 94 35 64 82 14 57 15 69 42 9 67 54 63 86 75 13 60 1 61 40 46 26 12 23 77 90 74 53
TEST 1 ARG:88 24 92 71 41 40 16 57 99 3 19 39 2 13 85 82 56 68 38 83 89 28 0 76 49 66 15 42 97 59 80 32 90 58 74 18 43 51 8 78 35 4 87 65 5 86 27 95 94 77 12 47 67 20 9 60 34 72 11 14 29 61 6 84 75 73 26 22 70 91 33 17 44 7 81 96 21 63 69 30 53 62 37 54 55 50 64 48 46 36 98 31 25 23 52 1 79 10 93 45
TEST 1 ARG:50 47 2 63 69 12 68 61 32 13 71 19 33 72 37 5 21 52 42 6 36 74 30 80 91 70 78 48 34 58 29 96 55 81 65 1 15 88 8 83 3 99 0 17 22 23 7 60 16 53 20 24 97 92 11 41 90 77 94 87 14 82 39 64 38 4 89 73 62 45 98 35 25 75 59 66 28 93 26 43 84 27 86 40 46 31 85 18 79 49 76 10 67 9 44 95 51 57 54 56
TEST 1 ARG:97 89 87 71 81 6 59 53 88 44 24 69 40 58 7 50 34 63 98 46 85 12 93 26 18 2 13 83 45 20 25 79 91 95 78 82 39 67 86 22 29 49 41 36 77 65 10 61 92 51 27 75 16 57 80 11 73 90 99 66 64 52 72 70 23 38 28 15 94 1 74 32 21 54 48 55 17 35 3 84 0 5 9 31 37 68 19 60 4 8 76 14 96 62 43 33 56 47 30 42
TEST 1 ARG:67 40 84 2 13 42 63 76 36 65 4 15 56 64 38 29 1 28 18 93 57 27 11 86 72 82 54 5 19 60 62 81 7 79 75 74 92 50 3 66 48 51 39 94 26 55 20 95 9 43 73 53 22 6 33 14 77 45 0 46 47 83 31 8 70 98 41 88 12 17 97 10 91 52 71 30 49 16 59 99 87 21 69 35 85 68 37 25 34 24 44 61 89 96 23 58 32 80 78 90
TEST 1 ARG:61 65 14 89 27 3 79 6 87 48 49 12 0 70 41 23 58 92 74 96 82 88 55 59 93 15 62 33 26 37 91 42 22 4 66 56 35 43 17 36 5 13 40 68 8 39 86 9 32 2 73 45 51 97 1 99 67 57 71 10 72 29 18 34 90 53 30 28 54 50 76 16 84 94 85 60 81 25 24 77 83 64 44 47 98 80 20 75 46 7 21 78 38 19 69 11 95 63 52 31
TEST 1 ARG:60 18 72 79 50 7 67 87 5 3 90 8 20 9 78 74 57 44 58 36 59 27 92 23 38 81 43 34 95 76 1 91 85 61 52 26 35 11 99 75 42 68 64 28 12 96 70 17 6 80 29 63 54 14 53 46 25 88 71 39 55 94 97 51 47 93 10 19 15 83 82 37 62 41 73 32 49 0 86 65 48 31 56 4 24 22 45 2 21 69 77 89 30 33 40 66 16 98 13 84
TEST 1 ARG:49 82 73 19 96 24 63 55 50 27 41 64 68 62 53 74 92 80 70 99 54 4 26 46 12 17 22 3 90 37 89 79 36 44 94 47 69 1 71 25 28 45 93 95 60 30 38 81 39 18 34 98 6 20 9 65 87 61 29 13 86 33 10 32 2 11 97 66 40 16 67 72 57 77 52 51 35 75 43 14 31 23 78 76 7 48 8 21 5 42 84 91 83 88 85 0 58 56 15 59
TEST 1 ARG:55 58 89 40 56 96 10 42 13 32 7 4 30 68 54 27 57 26 0 52 59 91 37 35 36 6 11 93 5 79 41 29 81 2 14 50 22 48 70 95 3 67 76 51 78 28 85 84 38 98 31 83 15 47 45 24 53 63 60 16 9 34 94 73 33 71 69 90 20 39 44 23 88 65 17 8 62 74 77 21 25 61 87 80 12 82 49 97 43 18 46 1 72 64 75 92 66 19 99 86
TEST 1 ARG:89 45 54 16 72 88 25 53 86 39 74 28 43 44 99 61 59 65 12 37 58 56 71 18 63 80 46 22 93 98 92 14 62 34 79 36 10 95 30 31 52 82 85 77 64 7 0 91 29 42 9 94 67 4 41 35 1 73 87 32 24 20 3 19 17 55 78 5 84 48 68 50 8 96 26 60 27 23 11 75 6 21 49 15 57 66 90 81 33 47 40 13 83 51 38 97 69 76 70 2
TEST 1 ARG:32 21 45 59 87 97 77 98 27 36 80 31 12 68 65 15 42 53 72 81 20 23 82 99 91 24 9 78 25 48 93 44 84 92 70 17 29 8 10 50 43 47 61 73 75 46 30 94 96 89 14 71 4 90 19 7 35 38 83 51 76 55 69 52 41 13 18 86 6 64 28 5 26 22 58 63 79 34 16 85 0 2 62 33 60 57 88 95 40 74 1 3 56 11 39 37 67 66 54 49
TEST 1 ARG:81 68 9 8 36 51 41 70 37 53 29 1 56 17 80 84 73 90 35 4 48 98 0 32 42 30 59 83 26 31 47 23 43 55 3 25 7 33 44 96 5 78 87 19 63 13 50 66 76 71 18 99 46 52 21 65 39 67 62 82 60 97 20 58 94 86 77 22 75 85 40 64 95 14 16 27 72 57 24 54 49 92 91 6 45 61 38 15 11 10 2 69 89 79 93 34 28 88 74 12
TEST 1 ARG:26 30 54 45 83 64 86 49 33 78 88 34 11 31 94 1 43 35 47 87 36 98 20 71 92 9 53 21 25 6 2 14 91 17 76 44 59 75 55 48 89 82 3 80 66 67 93 10 97 65 52 40 24 7 32 57 0 29 72 69 13 77 12 22 58 85 37 5 61 51 28 63 16 38 99 60 79 81 19 41 4 15 27 90 39 96 56 50 42 74 70 84 68 95 23 8 46 62 73 18
TEST 1 ARG:98 17 90 97 5 57 82 25 46 78 26 6 23 94 76 33 64 16 77 68 50 54 72 99 92 52 39 31 36 27 42 69 41 96 88 56 3 87 61 49 65 63 86 0 34 58 7 32 95 14 67 45 18 13 89 38 53 47 20 9 40 1 30 19 60 43 24 79 10 74 83 70 85 80 22 93 8 29 48 81 44 28 59 51 73 12 55 62 21 35 84 4 66 2 37 91 15 75 71 11
TEST 1 ARG:3 40 15 7 32 59 24 74 50 21 92 89 11 56 41 5 73 72 82 70 8 69 81 30 36 35 12 16 67 44 86 97 94 64 43 19 28 10 39 55 90 75 38 96 2 49 51 88 25 57 18 6 22 23 34 42 9 17 4 29 91 33 84 62 20 52 87 26 80 53 68 31 77 13 47 78 0 93 48 66 46 98 60 27 14 83 63 71 54 45 95 61 58 85 37 1 76 65 79 99
TEST 1 ARG:76 85 74 36 89 48 26 12 63 28 22 56 78 30 23 61 43 13 70 90 35 2 44 86 87 46 19 66 24 88 81 1 6 64 59 49 73 27 16 42 58 34 17 98 7 95 9 94 83 11 92 14 80 37 31 50 84 39 33 65 77 68 72 47 79 18 67 60 25 99 4 62 51 91 5 55 29 15 20 96 52 41 21 69 8 38 3 97 0 75 54 71 93 40 57 45 53 10 82 32
TEST 1 ARG:80 83 26 21 53 12 37 71 50 47 76 62 65 18 24 30 40 2 31 25 63 70 44 57 98 14 61 87 4 5 13 58 51 34 55 20 97 19 36 90 92 67 54 0 95 52 32 96 74 33 28 22 77 79 89 15 41 39 11 38 73 45 66 64 93 27 99 29 3 10 8 49 7 60 82 84 42 43 72 68 94 85 91 86 75 48 46 35 1 17 59 88 69 9 16 6 78 23 56 81
TEST 1 ARG:13 10 47 65 38 21 91 12 5 2 90 27 24 25 96 58 29 4 34 39 75 28 59 44 56 66 73 3 53 83 76 92 63 19 1 22 33 26 52 61 23 98 17 99 31 88 48 36 30 62 97 82 51 87 95 11 71 64 37 20 68 78 60 18 50 77 41 80 70 81 42 89 16 9 15 35 79 45 55 74 14 54 57 43 93 85 94 69 72 6 32 49 84 40 0 7 67 8 86 46
TEST 1 ARG:88 77 69 34 81 39 0 24 72 78 30 98 71 97 11 18 52 6 29 50 79 31 89 15 75 14 53 41 17 19 90 20 9 23 93 13 42 54 60 45 40 16 25 5 33 84 48 10 44 3 32 55 38 66 63 99 28 47 56 61 36 65 82 37 95 87 83 73 46 12 76 58 91 80 74 4 27 94 2 1 7 64 86 85 35 51 57 96 49 8 67 70 22 26 43 92 21 62 59 68
TEST 1 ARG:91 93 54 70 97 79 15 38 95 42 94 99 0 84 22 63 24 72 29 18 19 82 96 47 49 30 62 52 45 57 50 56 6 77 34 28 65 71 8 32 31 23 1 83 44 55 14 27 60 80 40 26 33 25 68 9 5 98 76 11 58 16 69 88 73 67 90 46 89 78 17 64 87 43 12 66 20 81 75 41 86 3 10 21 92 4 61 51 36 85 37 48 7 13 39 35 2 53 59 74
TEST 1 ARG:83 24 71 45 7 60 49 98 70 67 17 64 41 13 44 54 28 8 43 46 5 42 15 27 0 79 40 36 56 19 25 76 23 26 22 90 86 48 52 53 4 78 30 38 1 88 34 51 10 97 57 32 72 99 75 96 55 37 11 87 94 77 12 68 9 69 93 47 18 31 2 59 35 61 3 20 63 21 6 92 16 14 73 29 91 58 80 50 33 39 81 84 82 66 89 65 85 74 95 62
TEST 1 ARG:15 92 84 62 40 73 17 33 68 66 69 89 91 25 6 50 5 29 11 60 77 86 43 2 1 75 98 70 4 79 46 3 88 90 42 54 58 74 82 95 38 26 76 18 81 10 34 63 12 19 28 13 47 53 97 96 27 20 45 7 9 49 65 67 35 0 93 57 14 72 32 36 59 41 39 21 31 24 23 30 94 87 48 80 56 55 78 37 51 52 22 83 71 61 85 8 44 64 99 16
TEST 1 ARG:39 86 2 4 64 31 9 10 26 42 41 58 29 52 63 97 76 19 83 92 14 90 20 23 13 46 27 94 28 53 3 81 60 15 70 33 32 75 65 96 21 61 88 89 59 7 67 38 34 98 77 37 47 44 0 6 71 56 99 55 85 5 18 84 36 68 95 12 74 22 40 17 91 25 16 24 50 82 30 69 62 57 48 66 49 45 72 78 54 8 79 35 93 11 80 1 73 87 43 51
TEST 1 ARG:59 15 38 97 3 69 79 54 5 48 53 32 73 28 68 93 36 33 52 16 61 56 31 64 91 35 26 19 18 21 30 76 7 40 4 49 95 55 8 86 24 44 70 1 67 45 20 90 22 47 41 62 42 25 80 51 11 99 27 78 6 66 60 2 82 94 88 13 83 43 74 98 63 57 75 46 84 9 12 29 65 37 87 10 92 71 81 23 96 39 85 77 14 34 89 50 0 58 17 72
TEST 1 ARG:83 68 27 59 93 92 13 39 82 80 50 7 20 98 11 8 76 46 51 19 40 10 15 25 57 42 34 9 71 62 67 75 26 5 97 24 18 31 22 56 72 49 44 33 95 30 61 79 88 74 48 81 70 16 17 58 21 2 4 41 55 94 38 86 6 28 45 36 77 65 37 23 63 99 96 60 0 89 53 73 1 3 12 78 29 66 85 54 14 91 69 64 84 87 47 52 90 32 43 35
TEST 1 ARG:84 78 2 65 86 38 98 40 13 43 74 97 39 5 53 96 85 18 77 59 68 51 92 44 15 79 26 19 25 49 7 31 83 94 71 22 16 37 52 93 81 14 0 91 20 76 17 46 70 11 47 75 28 21 56 6 23 62 3 66 60 8 73 87 48 99 55 57 61 69 80 50 82 30 24 89 41 33 12 9 27 4 10 88 54 64 67 34 45 95 35 32 63 29 36 90 58 1 72 42
TEST 1 ARG:90 41 12 21 89 62 49 26 82 22 73 25 63 23 27 71 9 59 65 50 87 56 8 37 57 95 53 42 31 79 11 99 54 80 5 6 70 48 72 97 29 4 86 78 17 69 84 55 1 81 38 40 24 64 43 30 45 96 77 13 74 19 36 46 47 10 18 68 44 85 98 92 61 58 51 39 76 28 35 91 60 83 32 75 15 16 66 94 20 93 34 33 7 14 3 0 2 88 67 52
TEST 1 ARG:46 39 94 19 29 86 48 13 32 98 83 35 72 37 59 66 11 9 8 41 92 31 63 90 80 96 74 34 69 93 27 65 40 97 25 70 45 43 71 33 28 62 36 79 61 52 47 24 89 16 49 50 78 17 15 57 54 42 1 67 26 85 58 87 5 81 56 18 99 91 84 53 0 51 55 95 6 23 44 60 20 64 12 82 30 77 7 10 22 76 38 4 73 21 68 3 14 88 2 75
TEST 1 ARG:35 72 3 43 55 42 60 26 84 28 58 93 78 5 82 80 97 36 99 57 95 85 59 0 65 40 30 46 39 2 92 69 67 17 71 15 12 86 34 51 19 25 21 18 48 4 10 8 44 29 45 63 79 90 20 61 68 47 73 22 23 83 54 96 9 37 50 52 62 49 27 74 16 31 6 75 38 98 94 88 24 89 53 70 66 1 33 77 41 14 11 91 64 87 56 76 13 32 81 7
TEST 1 ARG:48 30 96 2 55 18 17 40 19 9 34 73 89 6 43 33 32 51 86 97 59 83 28 81 26 23 47 94 90 84 82 25 24 56 79 35 54 88 65 87 15 71 80 36 22 0 70 57 29 74 92 68 61 78 21 14 63 44 60 27 42 69 98 31 49 67 3 45 11 5 66 52 4 93 95 7 64 20 85 91 77 58 99 38 8 75 12 76 10 39 1 50 41 16 46 72 53 37 13 62
TEST 1 ARG:45 58 37 91 34 1 22 8 9 23 81 26 67 61 32 3 72 10 64 6 86 75 19 76 51 57 50 31 89 39 41 46 68 60 99 63 38 59 69 40 36 15 21 56 85 71 53 97 90 24 54 4 87 0 35 70 88 28 11 73 16 52 78 82 55 92 29 47 17 74 13 27 44 48 62 7 42 95 80 94 96 25 66 33 77 79 83 93 12 5 14 30 98 2 18 65 20 43 84 49
TEST 1 ARG:7 37 9 73 94 99 61 46 27 58 47 5 3 32 55 43 70 88 96 63 40 30 49 65 20 50 13 41 54 23 86 19 45 66 11 69 42 29 91 78 76 97 36 16 22 52 4 71 1 79 92 14 2 95 38 84 62 72 21 8 74 24 51 59 82 75 53 56 28 81 6 39 0 25 98 34 10 33 57 68 85 83 60 77 48 44 87 35 12 26 15 18 93 31 90 64 17 80 89 67
TEST 1 ARG:15 32 1 40 14 4 60 68 8 82 56 29 39 77 44 45 57 13 53 74 46 86 23 3 43 0 26 37 55 48 93 85 22 7 28 35 79 25 50 66 41 62 87 5 31 2 59 34 90 63 67 92 95 84 97 17 33 83 52 30 81 64 49 10 88 89 76 51 65 27 99 98 18 19 9 96 42 71 20 54 91 12 21 78 80 75 36 16 69 61 11 72 70 94 47 38 24 73 58 6
TEST 1 ARG:93 20 70 7 58 6 98 79 18 59 76 21 72 48 35 89 9 34 90 29 11 5 92 99 74 52 82 46 31 66 78 27 49 62 41 39 19 1 96 71 0 64 84 44 77 22 81 60 95 61 69 50 12 56 37 23 53 14 87 45 25 15 42 65 57 63 13 26 17 30 32 88 54 75 86 68 73 85 10 28 55 36 40 16 8 24 80 91 47 67 4 97 2 38 3 83 33 51 43 94
TEST 1 ARG:22 67 36 28 0 80 59 94 43 75 90 99 6 60 10 20 93 5 71 66 21 70 85 84 14 2 42 7 91 45 13 32 54 92 87 82 86 98 52 29 38 79 27 73 49 4 24 83 18 76 68 81 47 53 8 69 40 62 3 44 56 23 33 77 72 25 65 63 89 31 15 58 16 9 61 50 51 46 55 48 37 19 39 95 74 1 78 17 96 12 57 26 35 30 97 11 34 88 64 41
TEST 1 ARG:60 72 36 40 73 89 34 80 4 26 32 78 83 43 14 27 18 70 81 93 48 68 99 29 69 19 31 30 42 6 54 71 92 8 24 98 56 57 53 90 59 87 55 38 33 3 51 50 82 7 20 11 41 45 15 25 79 46 2 94 9 16 66 47 64 44 85 65 22 28 1 5 61 52 86 21 62 49 84 67 23 13 10 77 12 95 76 37 88 39 74 96 35 63 91 17 58 0 97 75
TEST 1 ARG:66 17 18 27 33 92 56 5 9 20 71 58 7 3 79 44 32 41 51 61 78 87 22 37 86 93 84 91 15 0 69 64 72 68 29 53 60 25 82 38 47 42 59 2 89 16 34 54 75 49 88 62 65 8 48 73 76 10 39 6 80 57 35 26 83 28 40 96 43 70 85 24 98 19 30 1 81 63 94 13 45 4 95 11 31 90 36 97 77 67 52 14 46 12 50 55 21 23 99 74
TEST 1 ARG:74 6 46 62 99 38 85 42 96 91 35 71 73 31 95 37 45 12 9 92 70 41 19 87 47 20 97 67 84 58 25 88 54 63 33 89 65 26 75 40 68 78 29 56 39 18 36 10 5 94 1 13 61 69 50 72 0 15 66 76 59 2 23 86 57 16 80 32 30 7 21 34 53 55 98 8 82 83 49 17 11 28 64 77 51 90 27 60 79 4 81 14 43 48 24 52 44 93 3 22
TEST 1 ARG:73 90 56 18 23 38 74 87 51 78 4 52 47 44 70 30 89 9 48 77 50 54 59 0 41 79 96 80 72 12 29 28 10 17 61 13 42 8 25 49 31 11 22 15 55 14 65 86 40 58 26 67 3 32 36 35 45 76 1 63 62 39 19 75 82 81 85 34 60 99 68 24 46 94 43 98 37 20 7 88 91 92 83 84 53 5 2 66 21 64 95 71 33 93 6 69 97 16 57 27
TEST 1 ARG:34 24 39 52 30 15 0 81 91 71 72 3 83 28 40 89 16 87 77 93 64 65 20 5 7 97 68 55 42 33 10 14 6 2 26 44 25 12 67 13 95 92 8 56 32 69 29 35 31 9 70 48 88 96 94 19 38 47 90 57 18 11 51 78 17 60 63 46 43 41 27 45 50 1 66 54 4 59 80 82 74 22 53 73 99 86 76 62 36 85 21 37 84 75 49 79 98 61 58 23
TEST 1 ARG:99 85 51 17 38 13 14 34 42 91 31 41 83 15 87 24 12 76 47 52 73 74 0 54 48 3 92 22 77 72 33 30 32 61 78 45 81 96 8 95 29 18 94 89 62 57 90 71 69 66 25 82 11 70 7 64 50 19 20 43 26 23 9 93 88 1 59 39 67 58 27 68 21 75 79 10 56 36 40 16 2 53 35 28 49 86 63 46 98 80 4 6 60 97 84 37 55 65 5 44
TEST 1 ARG:76 72 51 28 59 42 34 53 70 6 45 84 31 60 27 52 54 40 81 26 12 0 48 73 3 55 23 97 29 21 98 11 37 32 89 4 39 7 61 78 74 85 68 69 92 93 46 91 9 30 86 57 80 17 33 82 15 63 90 49 88 20 16 95 71 47 50 35 18 44 67 36 94 1 75 5 25 41 24 19 56 77 62 99 64 22 87 2 65 66 79 38 8 10 58 96 13 83 14 43
TEST 1 ARG:77 25 12 87 45 21 53 97 37 86 94 41 62 57 61 73 7 80 47 67 93 51 18 71 15 10 40 76 50 24 9 82 84 64 95 58 99 28 26 2 56 33 8 54 19 72 92 14 31 49 3 43 55 89 5 0 11 63 81 59 32 30 66 4 91 1 44 17 70 35 69 88 75 20 79 60 29 46 52 39 34 27 38 74 98 68 13 90 36 65 22 85 16 6 23 48 96 42 83 78
TEST 1 ARG:34 46 7 14 95 51 54 62 3 6 99 72 65 20 81 80 47 61 63 66 73 4 88 23 13 48 75 31 18 87 70 71 74 45 41 64 49 28 8 16 39 15 50 30 1 25 68 69 43 22 94 19 58 26 44 21 89 86 93 40 38 83 32 53 90 52 76 91 9 33 11 97 29 78 10 12 84 35 42 98 77 85 92 96 67 56 36 79 0 59 24 37 27 5 60 57 55 17 82 2
TEST 1 ARG:70 64 84 60 81 79 52 96 65 30 3 98 83 11 22 54 23 13 20 48 41 62 75 18 10 36 99 46 67 73 50 0 39 16 21 95 85 87 47 61 8 6 88 4 94 31 68 15 17 72 7 57 77 89 12 78 26 33 1 14 32 86 9 97 63 24 43 93 76 42 5 27 53 56 44 25 55 82 91 69 2 19 92 35 59 38 80 34 28 40 37 90 71 74 58 66 45 29 49 51
TEST 1 ARG:89 93 35 43 16 1 95 28 86 70 55 66 91 92 30 9 34 11 17 88 82 47 29 60 19 69 14 20 15 85 59 96 42 54 63 23 74 75 52 3 77 2 67 64 8 27 10 21 68 48 79 81 80 13 41 73 26 18 90 56 45 58 32 33 87 7 40 44 83 61 37 0 22 72 51 25 4 24 98 50 78 36 39 99 94 49 38 65 12 71 5 53 6 76 62 57 46 84 97 31
TEST 1 ARG:27 84 49 15 21 87 4 39 80 48 61 56 70 98 13 18 9 34 45 79 74 37 58 28 93 62 6 72 76 92 36 78 7 23 3 44 5 77 53 40 95 68 8 52 86 0 24 25 59 66 82 10 42 83 29 51 47 20 22 43 97 81 11 57 14 88 50 19 35 26 46 64 16 60 65 12 90 54 1 85 30 38 33 69 75 94 71 2 32 55 96 67 31 91 63 73 17 89 99 41
TEST 1 ARG:86 45 78 36 25 92 26 35 62 84 85 42 8 29 47 75 83 20 12 3 66 59 89 99 0 21 19 52 34 91 10 79 17 2 60 97 58 41 32 67 70 30 55 39 4 27 76 43 94 87 73 68 74 22 15 93 88 53 14 63 49 96 7 51 71 69 13 81 80 98 40 24 1 90 72 48 50 44 57 28 16 95 64 65 56 23 37 5 11 33 82 6 9 61 38 54 18 46 77 31
TEST 1 ARG:15 89 14 59 90 60 5 96 80 3 20 8 73 1 21 97 57 10 39 0 11 85 88 49 79 34 58 6 75 18 74 71 95 38 7 93 64 2 30 70 68 35 78 22 87 86 17 63 9 67 16 94 48 61 12 92 51 28 44 50 19 91 82 53 4 46 33 83 26 77 65 37 41 36 42 62 27 23 47 76 81 52 13 54 66 84 99 31 40 69 45 43 25 24 98 29 56 55 32 72
TEST 1 ARG:61 64 72 6 8 66 71 93 73 82 32 2 95 88 51 70 85 19 52 58 75 27 31 22 35 10 1 9 16 89 18 94 67 4 43 36 37 23 24 38 84 5 79 83 80 42 53 14 81 25 41 44 68 74 7 62 57 34 99 98 33 40 48 90 46 91 76 97 86 49 12 21 47 39 11 15 17 54 20 69 30 96 13 92 87 50 60 65 26 77 63 45 28 78 0 55 29 56 59 3
TEST 1 ARG:92 94 80 70 43 85 66 48 44 71 4 97 38 88 57 86 51 98 63 33 58 7 90 42 28 32 27 2 89 73 19 34 46 75 8 52 91 76 93 79 9 53 69 47 3 15 99 11 14 40 0 61 77 29 68 55 78 5 67 84 35 36 60 16 96 25 17 72 31 83 30 50 87 62 1 45 20 12 13 21 74 39 23 95 22 26 41 64 81 49 24 59 56 37 65 82 54 10 18 6
TEST 1 ARG:3 89 38 73 67 21 54 97 36 17 14 82 9 45 94 47 40 60 69 16 31 25 1 23 91 72 65 5 87 66 13 80 33 50 7 85 27 24 52 88 48 37 0 76 18 96 35 39 86 30 64 29 59 90 92 19 58 4 84 83 32 70 68 75 26 63 2 46 77 95 12 43 57 8 93 15 22 98 53 62 34 81 42 28 10 71 41 49 51 6 78 99 61 20 44 79 74 56 11 55
TEST 1 ARG:99 66 69 7 89 18 15 95 71 55 65 74 93 4 12 94 5 75 62 61 56 38 27 39 21 35 28 50 54 3 60 32 30 23 72 41 91 1 53 45 43 14 84 19 42 25 31 57 44 81 76 97 58 82 73 9 79 24 52 49 2 64 77 83 47 92 67 40 8 36 33 48 87 37 86 17 29 11 46 88 0 96 59 34 90 26 98 22 10 51 68 13 78 6 85 70 80 63 16 20
TEST 1 ARG:7 53 29 15 95 71 41 76 93 9 4 31 1 22 99 18 57 30 45 63 16 97 19 94 84 65 62 91 35 96 61 40 55 0 44 78 37 64 47 98 92 80 34 87 27 52 86 36 49 82 83 11 24 13 21 39 59 68 69 72 75 42 77 81 10 79 70 48 58 54 23 88 25 38 33 43 6 51 14 26 32 73 50 56 66 67 90 5 60 20 3 46 28 74 17 12 89 8 2 85
TEST 1 ARG:19 97 18 40 37 61 90 86 2 21 26 73 10 35 36 88 30 6 57 69 39 99 11 43 83 96 65 8 63 94 38 20 48 66 32 47 46 79 56 23 70 53 34 25 5 76 93 29 64 12 72 80 77 44 3 82 16 92 84 60 27 58 67 75 4 28 14 17 31 15 87 78 95 41 91 51 45 98 68 1 71 24 55 74 59 7 9 85 89 13 42 22 33 81 50 0 62 49 52 54
TEST 1 ARG:77 66 53 10 67 73 57 4 12 11 95 88 65 20 34 80 29 91 70 18 87 9 17 94 82 45 41 27 28 52 59 69 25 50 6 96 46 99 98 14 63 85 54 42 19 7 49 86 22 83 2 36 5 15 64 89 62 47 1 51 93 43 32 35 37 79 24 76 72 26 38 48 56 55 23 30 84 21 40 0 44 71 60 68 78 13 8 97 92 58 16 74 31 33 90 39 61 75 81 3
TEST 1 ARG:87 27 0 51 19 96 75 65 12 62 25 28 38 91 24 18 44 26 61 55 79 56 57 35 85 83 14 95 59 4 33 29 34 15 13 93 45 64 88 80 67 84 99 10 6 68 52 70 17 53 47 78 30 49 9 73 5 8 32 42 66 1 22 40 2 20 90 43 94 23 77 58 98 36 60 21 92 50 16 97 81 31 69 54 41 48 7 89 76 37 63 11 3 39 46 71 74 72 86 82
TEST 1 ARG:92 80 17 90 54 87 15 39 43 35 46 13 67 94 31 30 42 5 77 97 59 73 82 11 57 25 50 29 33 14 85 26 24 81 3 22 19 60 20 79 65 56 45 52 47 0 61 4 95 91 7 28 6 68 49 99 2 93 41 23 40 27 21 71 83 8 62 58 32 51 34 88 36 1 37 89 74 12 72 78 86 53 69 76 10 44 75 96 38 48 64 16 70 66 84 18 55 98 63 9
TEST 1 ARG:67 23 65 28 55 7 64 47 57 69 89 59 2 68 85 51 75 17 37 45 97 84 79 72 96 70 6 87 88 30 60 0 49 20 16 83 82 66 71 77 46 61 1 8 48 41 44 63 32 31 38 58 73 39 35 76 19 56 43 33 91 50 93 53 5 27 11 62 99 25 3 14 36 12 95 4 94 78 90 10 24 98 21 18 81 34 26 92 29 74 22 86 9 54 15 13 42 52 80 40
TEST 1 ARG:15 24 37 50 74 70 32 62 93 47 95 72 84 35 83 63 17 54 39 33 52 40 99 11 14 9 88 79 78 51 53 22 38 96 57 21 36 25 81 65 56 59 91 58 87 16 97 29 4 77 30 27 23 92 76 7 71 68 18 41 48 8 42 86 1 89 10 12 55 31 34 82 60 26 46 80 67 94 6 3 45 13 64 43 85 69 73 98 49 2 61 44 75 66 19 20 5 28 90 0
TEST 1 ARG:50 59 62 35 30 64 20 81 71 7 44 19 53 15 40 94 84 54 80 57 61 99 18 90 0 33 8 14 39 67 74 21 77 65 55 76 68 43 5 63 1 98 4 2 34 9 12 49 42 3 41 25 85 88 24 13 95 83 26 58 60 29 82 16 10 70 22 6 11 51 92 96 37 38 36 73 87 75 79 52 32 69 23 27 47 78 97 48 86 28 72 45 31 66 93 17 56 89 46 91
TEST 1 ARG:54 78 6 79 95 4 36 2 27 43 84 45 7 64 8 73 69 17 15 46 25 12 56 21 65 60 57 62 76 24 19 59 32 35 55 96 44 41 3 26 67 63 39 82 92 72 11 49 86 48 53 34 0 74 14 29 10 66 20 99 80 16 98 23 89 58 31 77 33 51 40 94 37 93 52 68 71 22 13 9 61 5 75 38 70 90 50 42 85 91 18 88 81 83 28 97 30 47 87 1
TEST 1 ARG:4 44 15 29 36 17 39 50 78 56 24 38 85 49 76 55 28 65 12 72 22 54 99 34 73 2 90 40 1 7 95 80 57 13 23 84 97 87 68 6 60 35 58 75 86 81 89 5 18 16 63 83 92 98 27 66 45 41 82 32 43 67 0 20 46 9 74 96 59 8 30 47 37 88 64 21 70 19 31 48 61 93 62 79 69 94 51 26 3 53 71 52 42 14 25 91 10 33 77 11
TEST 1 ARG:31 6 56 27 72 50 15 32 79 39 46 8 13 71 90 29 88 84 67 22 20 45 94 11 83 81 78 19 34 14 95 3 43 10 54 2 64 51 57 44 47 52 73 75 30 86 41 70 0 16 55 48 80 23 9 12 4 18 74 89 82 59 49 77 85 63 66 40 97 61 65 60 24 92 42 37 91 33 28 96 21 35 38 76 69 62 25 5 17 87 26 98 99 7 36 53 58 68 93 1
TEST 1 ARG:83 56 72 88 40 8 39 60 7 50 87 28 46 13 22 4 94 78 32 93 6 47 27 77 80 64 69 92 62 5 38 61 21 63 68 15 71 24 12 65 57 37 49 81 86 99 17 14 19 48 10 96 98 1 66 33 9 45 23 90 11 25 41 26 0 42 30 67 91 18 29 53 43 36 20 58 51 55 54 34 76 59 3 44 95 2 85 31 84 52 16 74 35 70 79 97 89 82 73 75
TEST 1 ARG:16 70 2 89 15 84 78 51 37 43 25 79 56 83 45 58 66 77 14 82 48 69 86 29 62 53 47 27 75 12 35 59 72 5 26 44 21 90 57 33 88 55 91 81 74 38 32 65 9 28 18 99 61 95 23 97 31 13 30 63 42 17 39 73 34 41 3 24 19 50 36 52 11 76 92 93 6 1 71 54 64 46 87 20 85 22 40 68 80 4 10 94 60 49 98 67 8 96 0 7
TEST 1 ARG:41 34 16 51 47 52 45 56 97 61 91 24 62 77 88 22 13 89 99 65 19 12 49 98 94 96 82 33 21 46 31 78 35 32 17 1 40 14 4 75 81 66 68 76 9 71 37 84 0 36 73 95 92 87 53 80 59 23 18 60 74 30 93 63 58 20 3 54 8 72 50 57 42 67 5 6 39 85 7 27 38 69 55 44 48 2 10 86 25 43 15 11 70 90 83 26 29 79 28 64
TEST 1 ARG:64 88 15 89 61 86 27 90 83 19 91 57 38 47 37 34 52 63 73 68 81 58 77 82 9 95 98 53 0 4 21 5 43 78 35 93 71 50 59 13 46 23 51 26 33 3 85 32 30 84 55 36 74 39 42 49 20 12 44 92 79 76 75 54 96 65 97 8 1 7 56 24 67 25 70 14 29 94 45 99 80 11 17 69 40 62 22 16 87 10 18 6 31 48 2 41 60 28 66 72
TEST 1 ARG:85 22 1 89 57 32 37 86 81 5 91 27 4 33 34 51 17 98 97 47 61 29 90 44 9 95 79 70 39 63 84 99 66 65 76 13 45 2 77 23 35 78 42 92 83 30 88 28 11 71 20 10 12 18 40 54 64 68 43 96 58 14 55 6 41 72 26 16 24 7 0 19 94 82 50 25 60 8 75 46 59 49 74 67 62 31 93 21 53 48 73 3 87 69 36 52 80 15 38 56
TEST 1 ARG:69 54 44 0 20 60 6 98 89 97 61 65 86 63 24 70 83 99 93 36 32 45 59 57 53 12 9 2 55 40 74 50 28 34 56 22 23 71 5 13 95 77 64 31 67 33 1 19 25 27 58 94 84 37 17 48 76 30 26 72 73 62 14 75 4 3 18 8 21 80 88 96 16 52 79 68 41 92 78 47 87 39 91 51 43 81 7 11 46 49 38 85 15 10 35 42 82 29 90 66
TEST 1 ARG:65 31 9 50 38 62 77 79 10 46 58 42 26 29 0 1 91 2 44 41 37 43 23 56 49 73 68 97 33 40 95 28 72 51 25 59 71 12 16 83 32 27 19 74 81 45 96 3 17 8 11 35 30 84 57 60 36 47 4 48 24 90 5 34 22 14 98 82 88 99 87 89 64 21 86 15 61 92 54 7 93 63 55 78 85 39 66 53 13 80 70 6 69 18 52 67 75 20 76 94
TEST 1 ARG:8 91 55 96 61 37 26 89 74 78 28 62 45 48 14 73 70 65 49 7 53 94 86 6 69 90 52 80 72 50 88 46 68 71 57 33 2 15 41 44 39 36 99 0 64 76 22 63 84 56 23 43 32 79 25 40 5 77 17 16 85 83 35 81 67 58 42 30 21 19 24 34 13 18 3 27 54 98 38 11 82 97 95 12 66 29 1 31 10 93 87 20 9 92 4 75 59 51 47 60
TEST 1 ARG:77 67 56 60 33 48 32 71 21 17 13 92 75 34 58 29 79 9 31 99 55 41 74 86 47 36 97 6 90 72 26 18 23 19 81 83 52 24 95 22 54 11 35 64 53 27 49 94 85 68 1 12 5 16 39 89 59 3 51 46 0 10 43 91 38 98 45 28 25 7 40 50 88 57 2 73 63 15 93 76 82 42 14 70 62 44 4 84 96 8 69 78 65 20 61 80 30 37 66 87
TEST 1 ARG:92 37 95 82 88 14 56 65 32 73 59 3 57 15 7 72 28 54 94 62 52 77 24 33 29 2 70 16 46 8 44 93 25 17 48 35 13 83 66 19 61 51 71 55 1 27 43 64 89 50 84 20 4 69 39 96 98 80 18 75 45 79 11 53 5 60 42 6 63 86 78 97 91 26 85 41 74 81 68 49 34 30 67 87 36 38 76 90 23 12 99 31 40 0 58 21 47 22 10 9
TEST 1 ARG:22 48 80 9 96 65 38 24 62 81 73 36 28 60 98 54 46 64 15 51 44 71 97 92 12 23 79 34 49 29 83 4 11 56 99 67 17 74 59 35 27 91 8 75 7 14 16 0 1 3 13 70 90 84 33 42 78 88 31 40 50 21 63 39 89 18 76 20 86 6 72 25 30 41 26 95 68 43 47 66 77 58 5 2 10 52 82 55 57 85 61 19 94 93 32 69 37 45 87 53
TEST 1 ARG:15 53 40 46 70 56 61 59 7 41 72 11 3 86 74 10 0 67 19 39 18 64 31 13 17 9 77 23 57 84 35 90 27 37 54 32 97 21 87 26 69 47 14 92 44 96 98 62 58 1 66 43 45 8 88 82 79 94 55 71 34 24 68 25 52 50 22 5 28 65 51 49 99 60 33 20 4 85 93 80 38 75 81 89 12 91 48 76 95 42 36 6 30 29 78 63 16 2 73 83
TEST 1 ARG:35 58 39 80 23 38 28 98 54 81 43 88 4 49 57 60 1 83 3 6 65 31 24 99 11 29 75 42 67 62 61 66 84 19 48 52 95 50 18 85 30 0 94 25 10 17 7 27 76 5 56 90 87 89 86 77 82 41 93 12 59 53 47 70 71 73 69 21 74 34 16 78 72 20 2 15 13 33 45 22 36 92 68 14 37 91 51 9 64 63 32 96 46 40 79 55 97 8 44 26
TEST 1 ARG:43 8 28 52 4 94 64 46 92 53 60 45 1 32 96 40 69 34 86 66 84 88 61 83 91 98 21 62 71 16 14 67 15 68 70 73 7 82 63 17 25 57 31 39 93 85 76 6 48 26 79 33 23 77 35 55 19 11 58 38 47 30 36 2 29 75 65 20 22 95 50 12 18 42 10 80 78 3 9 97 5 37 24 72 59 89 49 51 27 54 44 0 81 90 41 13 99 74 87 56
TEST 1 ARG:85 72 99 53 10 2 83 44 56 23 28 32 65 34 36 68 77 26 98 7 48 8 66 87 25 71 49 94 22 29 46 9 74 5 57 63 31 12 96 43 4 67 82 89 3 52 79 81 97 62 64 88 15 70 47 51 6 30 19 37 13 45 16 69 11 17 73 33 93 76 1 92 21 41 75 80 78 39 20 58 0 27 42 95 60 91 40 55 61 24 35 14 84 18 90 54 38 50 59 86
TEST 1 ARG:1 6 36 96 70 92 47 2 15 19 37 83 40 93 79 73 45 94 86 56 57 18 66 63 91 46 53 89 58 24 34 33 59 88 31 3 26 84 65 23 41 52 77 27 8 28 13 51 14 49 68 67 42 30 48 98 10 76 29 4 9 32 35 21 87 72 22 38 99 60 17 12 78 81 90 20 82 61 11 44 39 80 25 64 95 43 62 5 50 85 71 7 75 16 97 0 74 54 69 55
TEST 1 ARG:20 4 43 69 13 23 36 46 38 86 77 37 45 19 99 39 47 31 57 25 76 52 56 44 27 54 94 30 88 24 72 71 51 78 6 14 1 62 82 84 53 11 95 8 67 42 22 55 90 48 80 81 97 33 85 21 89 83 2 29 59 96 75 74 63 79 16 0 7 18 10 26 92 60 28 91 93 12 87 73 50 58 65 9 3 5 32 98 40 15 49 41 68 34 66 17 35 61 64 70
TEST 1 ARG:4 44 30 26 7 35 1 25 57 62 13 87 83 47 53 55 66 39 24 18 42 40 36 5 16 20 14 90 21 41 71 65 54 97 56 80 32 95 2 81 76 15 49 50 33 69 85 9 82 51 78 12 63 93 77 86 23 6 92 58 34 17 98 45 10 31 46 75 94 79 0 73 37 88 84 89 11 64 29 61 72 96 28 3 22 48 19 27 68 99 91 67 60 59 43 52 8 70 74 38
TEST 1 ARG:25 28 58 4 81 63 80 90 41 76 86 39 33 66 79 3 5 47 85 72 8 75 99 74 31 70 94 67 68 15 36 26 34 61 12 46 62 37 0 55 50 98 1 44 92 93 57 21 30 73 83 35 43 23 27 40 45 38 29 56 20 64 16 10 71 2 69 78 87 88 51 65 9 97 7 42 13 96 32 49 53 84 91 48 14 11 95 22 60 24 52 17 18 19 54 89 77 59 6 82
TEST 1 ARG:59 44 27 34 40 87 58 57 45 68 75 54 41 1 94 71 51 3 15 93 48 64 0 21 23 72 74 95 32 81 60 80 90 96 26 79 11 92 86 97 2 84 24 76 22 6 91 13 56 5 35 17 14 16 7 66 4 25 63 37 88 30 28 29 85 98 82 65 55 43 39 70 99 19 69 62 77 47 9 50 89 18 49 52 20 61 38 36 8 12 31 73 10 33 78 83 46 67 53 42
TEST 1 ARG:3 0 25 81 40 58 42 54 89 69 36 11 8 70 44 88 85 56 60 30 6 99 92 16 86 9 20 19 75 67 38 71 51 97 4 37 41 28 1 47 21 72 32 13 35 43 64 49 65 31 18 83 48 77 82 10 66 90 68 17 23 55 29 98 74 2 33 27 34 52 39 73 14 45 84 76 79 80 15 96 24 50 53 12 5 57 22 46 78 91 59 94 87 63 95 26 93 7 62 61
TEST 1 ARG:69 26 35 65 30 54 25 3 37 36 18 22 63 38 46 66 83 16 95 55 48 61 59 23 98 52 49 97 2 53 20 84 71 94 28 67 33 78 5 29 45 50 70 11 8 44 10 79 74 34 12 86 47 31 64 93 73 75 32 24 40 4 99 19 7 43 0 77 72 39 13 88 82 51 58 90 91 96 80 27 41 85 9 81 62 92 14 15 87 1 56 68 57 6 89 21 17 60 76 42
TEST 1 ARG:83 51 65 33 67 88 34 53 44 31 13 56 18 3 81 77 43 21 28 62 95 64 41 11 60 46 7 29 99 68 9 98 17 37 63 27 1 25 14 0 70 23 42 6 36 61 5 78 24 39 20 52 30 89 94 22 38 45 47 15 71 96 48 40 74 49 8 32 93 59 91 19 97 76 87 54 82 90 57 85 4 55 58 69 80 2 66 84 86 12 73 72 10 75 16 79 50 92 35 26
TEST 1 ARG:39 45 88 8 32 65 63 6 60 34 28 33 9 46 55 19 11 48 56 69 21 38 2 22 52 41 64 99 80 13 0 29 68 20 75 5 30 25 18 47 17 36 73 12 16 40 43 54 85 42 58 95 51 50 97 74 94 79 92 91 10 70 1 53 31 61 66 35 14 27 78 57 59 89 83 62 37 84 3 81 71 67 26 90 49 7 96 98 23 44 15 77 93 86 72 4 24 82 76 87
TEST 1 ARG:98 99 5 14 88 86 10 73 71 38 6 63 34 7 11 16 48 41 40 69 22 49 94 62 97 8 20 56 51 29 9 85 24 25 23 77 32 80 58 45 12 19 1 64 3 4 76 2 36 87 26 61 15 33 70 47 83 18 31 84 65 37 50 66 74 67 44 60 0 89 30 53 59 93 46 82 39 68 55 43 72 91 79 92 42 52 90 35 75 27 78 95 81 17 13 54 96 57 21 28
TEST 1 ARG:17 42 97 19 66 63 62 83 60 24 56 11 48 65 47 28 41 15 7 55 81 22 85 25 27 30 34 32 3 10 44 31 91 49 8 50 46 79 90 69 95 36 77 51 78 82 53 39 35 6 89 26 37 64 5 52 45 70 12 80 67 29 88 93 4 86 18 96 61 73 98 1 14 40 75 21 92 58 23 20 71 13 87 76 94 68 43 99 72 0 59 2 9 74 16 38 33 84 54 57
TEST 1 ARG:29 11 56 7 68 55 40 53 59 25 33 28 77 87 32 99 5 31 88 15 19 16 6 58 4 70 26 21 42 22 89 90 69 74 24 95 12 50 60 98 63 52 0 83 17 94 84 76 49 65 79 43 57 1 46 96 61 41 27 2 54 72 20 92 66 9 35 91 93 47 37 13 51 18 8 23 34 67 14 81 86 3 45 44 62 71 64 10 85 48 82 39 78 38 75 30 80 97 36 73
TEST 1 ARG:50 48 41 16 80 6 60 94 22 70 13 76 96 43 29 65 33 4 55 49 27 73 46 8 58 3 20 23 51 75 10 84 54 89 28 53 92 61 62 95 81 63 98 66 18 39 47 35 56 74 30 37 14 59 91 64 40 42 93 5 26 86 78 77 68 72 21 32 71 34 17 99 52 7 38 67 31 36 24 45 2 57 88 85 12 25 15 11 0 97 83 79 19 9 82 69 87 90 1 44
TEST 1 ARG:46 64 74 35 75 90 92 99 16 95 55 3 20 17 50 12 48 39 81 86 84 91 5 11 78 34 66 65 2 24 72 21 28 15 85 63 76 6 33 77 71 25 22 19 57 38 82 31 52 98 67 58 32 45 83 73 29 54 49 89 1 79 9 37 62 96 44 30 0 59 68 27 8 42 7 93 87 70 53 69 51 10 43 94 18 61 40 56 14 26 13 4 23 88 97 41 60 47 36 80
TEST 1 ARG:95 72 68 35 7 1 31 59 30 22 4 45 70 92 69 15 9 47 43 49 33 24 3 41 38 75 76 46 13 37 94 62 48 91 66 89 17 36 50 8 14 97 99 88 83 32 86 0 63 61 5 40 77 20 34 28 85 23 98 93 60 81 56 29 80 57 18 84 16 90 71 58 52 27 55 51 10 26 12 79 11 67 19 64 44 65 2 73 42 78 21 39 53 82 87 54 6 96 74 25
TEST 1 ARG:51 31 14 90 81 57 97 55 69 92 61 52 46 2 99 58 40 26 27 87 10 70 95 0 79 47 1 48 36 5 62 22 38 94 74 25 59 24 39 44 49 32 11 68 6 67 77 15 8 80 4 12 91 86 45 23 33 19 43 53 85 75 34 65 54 29 78 88 72 83 82 84 16 96 20 56 41 60 42 3 63 28 71 21 66 35 17 76 37 50 98 30 73 18 89 7 13 93 64 9
TEST 1 ARG:57 44 79 50 1 66 18 99 14 26 32 46 75 61 96 28 9 10 88 52 73 54 21 2 31 0 78 43 76 74 6 59 37 17 55 38 25 60 56 15 7 71 41 48 92 45 69 63 93 36 47 23 8 24 82 72 22 91 42 90 86 80 49 12 67 51 11 39 30 5 27 64 84 83 3 94 19 77 98 13 97 58 95 20 68 16 40 89 62 65 87 34 53 70 81 4 85 35 33 29
TEST 1 ARG:8 54 94 59 1 46 97 47 55 20 45 7 57 17 83 51 93 65 69 15 25 16 66 35 41 43 96 2 61 5 6 62 28 53 85 37 87 10 3 26 64 24 68 79 73 98 72 29 91 48 30 14 89 78 71 90 88 11 49 12 44 99 84 67 0 18 19 70 75 33 27 36 31 95 80 60 50 34 77 22 40 82 56 92 9 42 32 74 13 86 63 58 4 38 52 21 23 81 76 39
TEST 1 ARG:91 46 50 88 70 51 17 30 78 6 47 59 72 28 32 96 41 18 29 73 23 38 82 94 55 58 16 49 8 81 20 44 21 68 24 71 66 87 37 45 22 7 10 57 43 92 76 56 26 3 2 95 89 54 63 42 13 85 14 25 36 34 84 97 9 61 5 79 12 4 98 0 19 40 74 1 86 60 67 15 65 90 83 53 64 39 62 80 27 11 52 48 33 75 35 99 93 31 69 77
TEST 1 ARG:14 70 33 99 94 28 6 98 18 57 13 34 22 23 96 31 45 4 69 50 78 61 66 92 9 15 74 77 19 12 20 64 62 81 0 59 52 93 30 80 26 24 41 97 83 3 44 36 67 56 89 82 63 25 1 5 79 72 10 38 87 2 55 32 8 11 71 37 51 49 27 60 53 91 54 65 40 58 42 76 29 43 86 35 88 16 90 75 39 48 47 84 73 7 85 95 17 68 46 21
TEST 1 ARG:18 54 99 22 5 59 77 79 71 96 83 92 38 11 21 14 3 4 69 1 73 78 64 46 41 9 28 51 62 94 76 86 53 80 43 87 7 68 20 47 70 65 61 89 58 90 36 44 30 10 37 12 29 15 74 97 31 91 23 13 32 40 27 50 84 57 82 66 63 6 19 72 34 16 93 35 42 26 98 17 67 52 60 8 48 24 85 55 95 88 33 56 49 2 81 45 75 39 0 25
TEST 1 ARG:29 21 54 12 4 75 44 57 14 38 33 88 49 69 99 95 58 24 53 62 63 74 59 34 81 40 8 46 35 42 64 96 41 1 20 43 78 50 84 72 13 76 87 2 68 18 92 26 28 65 36 97 55 60 67 90 22 45 80 73 94 3 48 27 23 25 91 15 0 19 9 37 61 52 86 39 71 89 66 79 83 51 11 77 10 70 16 85 7 98 5 31 30 93 82 56 32 17 47 6
TEST 1 ARG:69 1 8 74 46 47 45 20 81 66 13 96 38 63 43 12 79 48 91 56 68 87 52 26 18 53 16 80 88 23 24 37 0 2 55 71 93 85 92 64 6 34 86 77 35 84 42 62 15 65 97 89 4 61 59 44 30 33 54 40 14 50 10 17 75 19 70 98 21 11 72 60 95 94 36 27 99 7 22 5 49 39 32 41 58 73 78 83 25 57 29 9 76 51 67 3 90 31 82 28
TEST 1 ARG:57 45 38 24 3 85 10 0 68 32 18 20 35 59 76 61 40 27 99 47 60 75 30 74 89 67 23 34 78 6 58 63 97 49 53 33 37 7 73 55 80 88 31 94 46 16 87 81 17 96 39 43 66 8 2 12 14 98 28 11 48 1 91 84 86 90 9 51 22 69 36 83 13 56 95 64 62 72 44 52 15 71 5 50 29 21 93 70 42 54 79 19 26 65 82 92 41 77 4 25
TEST 1 ARG:36 56 53 44 48 72 41 30 59 15 87 19 28 45 21 27 74 22 46 3 4 89 6 12 62 37 83 14 76 94 71 26 20 43 95 55 85 93 50 77 10 9 23 49 67 82 52 51 84 97 2 70 68 39 98 60 11 34 29 69 90 32 17 66 42 78 18 57 79 25 58 47 80 5 92 61 96 0 75 13 1 73 91 33 38 88 65 54 35 31 16 7 40 81 63 99 24 8 64 86
TEST 1 ARG:38 58 76 56 62 17 74 98 9 68 86 28 10 39 40 27 11 20 47 99 2 67 72 45 87 85 80 1 48 14 71 15 57 89 30 90 3 83 97 95 41 82 94 24 53 50 70 5 52 22 42 81 36 88 8 7 18 33 4 49 0 35 19 43 66 26 25 13 12 75 31 54 63 96 79 65 93 64 16 21 32 84 77 59 73 91 60 69 51 92 6 34 23 61 78 29 55 37 44 46
TEST 1 ARG:99 60 21 84 88 73 32 68 11 97 4 15 47 39 83 56 13 38 67 57 62 63 86 65 33 79 2 43 59 29 26 16 94 93 72 5 24 22 91 44 48 85 9 54 17 42 31 95 53 78 49 71 52 12 58 98 75 30 96 34 0 28 70 46 81 45 82 61 23 6 41 36 87 10 1 40 76 64 27 35 55 74 8 90 25 3 69 77 50 89 66 80 20 14 19 18 92 37 7 51
TEST 1 ARG:39 41 70 16 52 99 10 48 95 24 67 8 79 94 89 35 75 32 53 1 12 56 96 61 76 90 42 40 62 20 7 65 31 86 54 71 21 26 92 84 74 14 0 15 38 80 36 44 51 83 63 19 29 33 98 77 18 64 37 58 55 57 93 78 47 22 6 60 49 73 59 68 43 25 46 85 66 45 28 82 34 9 72 91 87 97 69 4 88 17 23 3 13 81 11 5 2 50 30 27
TEST 1 ARG:11 72 94 41 46 36 13 22 87 28 15 80 9 76 90 84 86 89 6 30 16 3 65 4 23 95 74 59 35 25 83 60 66 34 81 7 70 67 92 51 32 73 37 61 21 49 55 62 96 24 93 79 78 42 99 27 12 44 50 0 33 8 2 97 31 17 64 14 39 45 57 88 69 91 82 77 10 20 19 26 18 1 40 56 48 43 38 52 58 63 75 71 54 47 5 29 53 85 98 68
TEST 1 ARG:5 96 89 82 95 0 34 29 54 48 24 87 16 45 19 33 75 78 15 58 97 49 71 38 22 28 70 52 57 6 12 20 14 37 92 39 65 67 86 85 31 1 13 83 23 3 77 74 51 10 35 4 84 11 81 8 88 50 32 41 91 42 63 47 9 18 69 53 2 27 64 90 94 68 61 25 80 60 98 44 93 36 59 21 43 30 26 62 79 56 40 7 55 73 46 66 72 17 99 76
TEST 1 ARG:26 38 21 27 34 1 75 58 81 99 23 74 40 17 13 44 3 55 92 46 7 49 31 33 68 14 62 15 29 95 73 48 69 63 93 43 53 94 65 59 90 45 67 37 96 10 83 50 70 24 64 98 78 85 76 86 56 72 11 2 88 89 16 12 5 82 57 4 41 0 52 28 22 77 18 8 9 6 35 79 39 20 60 51 54 47 42 84 66 80 87 32 19 91 61 97 25 30 71 36
TEST 1 ARG:47 58 62 10 81 61 77 67 50 73 65 76 9 40 27 84 52 91 95 13 86 30 28 98 51 53 89 3 94 74 1 68 69 35 17 29 54 22 88 31 87 57 24 45 63 36 4 92 59 26 32 85 71 11 41 21 55 38 96 44 80 48 14 97 64 39 82 20 56 75 7 46 83 66 78 19 25 18 79 49 2 0 8 43 6 99 12 15 34 33 37 16 23 90 93 42 60 5 72 70
TEST 1 ARG:45 69 1 47 32 13 33 5 76 42 7 10 37 39 31 82 51 8 22 79 53 54 88 41 57 94 44 23 58 20 19 64 87 6 85 18 12 70 16 60 29 52 90 43 63 95 67 17 68 65 55 71 25 66 24 97 80 14 91 84 3 72 34 9 99 83 49 96 26 11 62 27 59 56 75 98 4 78 38 73 46 0 35 36 40 48 93 86 77 81 50 92 21 89 15 28 2 30 61 74
TEST 1 ARG:94 63 56 35 72 33 67 45 49 77 86 32 74 47 3 96 34 4 75 28 38 73 61 57 41 76 8 89 65 6 7 14 43 48 46 19 78 52 29 11 44 91 59 71 23 39 40 20 16 60 93 53 24 22 54 9 97 51 18 42 69 87 31 62 88 79 85 10 99 83 81 2 82 36 26 50 84 13 25 15 21 0 58 30 17 98 1 95 90 12 64 68 5 80 37 70 27 92 66 55
TEST 1 ARG:16 77 27 91 82 95 22 57 14 20 81 88 67 12 72 29 76 11 46 94 78 99 1 83 69 87 60 30 44 26 93 55 92 65 10 58 33 80 43 40 0 38 28 17 62 8 24 48 73 45 61 19 5 4 32 50 41 23 6 39 18 9 25 79 42 52 66 97 31 7 51 96 84 63 2 56 35 13 21 89 54 59 36 86 47 37 70 49 90 15 3 64 74 75 68 53 98 71 85 34
TEST 1 ARG:40 36 58 10 24 90 13 53 87 62 79 83 39 26 35 55 0 15 67 52 80 84 17 81 38 75 50 27 66 56 28 8 29 89 65 2 11 74 9 16 12 1 96 85 61 44 86 95 4 82 43 68 70 31 48 59 18 45 5 42 23 41 51 30 54 3 21 46 63 92 88 6 72 14 19 37 97 94 91 93 49 34 99 60 71 22 69 73 76 57 78 98 64 32 7 77 20 33 47 25
TEST 1 ARG:60 16 56 54 31 39 26 88 45 84 36 20 34 19 61 74 38 15 23 66 25 71 28 62 53 69 50 35 67 63 99 76 10 72 5 2 24 85 57 11 48 52 89 92 7 75 29 30 95 87 17 14 6 82 70 65 64 33 78 0 98 37 3 46 42 79 51 44 32 55 9 59 27 58 18 21 90 49 97 1 47 68 12 22 13 81 77 4 40 91 94 96 43 86 83 73 80 41 8 93
TEST 1 ARG:86 27 28 54 24 95 6 63 19 69 47 32 35 4 34 64 73 3 98 71 51 70 67 43 38 23 58 9 31 56 46 40 42 44 80 53 75 7 17 87 97 85 26 12 21 2 94 0 88 33 72 39 68 57 10 77 13 11 20 25 45 1 96 55 52 60 78 76 16 8 81 49 74 93 36 92 91 66 30 48 61 22 79 14 37 5 89 99 15 90 82 83 62 50 18 84 41 59 29 65
TEST 1 ARG:57 85 62 45 50 72 36 77 58 5 55 41 83 69 90 26 37 67 43 76 34 7 56 32 95 51 91 11 33 8 17 24 96 28 74 60 19 20 78 80 75 63 82 3 1 93 40 35 42 29 49 6 4 79 87 89 39 53 44 9 70 14 86 59 88 0 23 12 84 64 15 73 65 22 61 94 52 10 25 2 46 68 97 99 54 27 66 81 16 48 47 38 13 18 98 31 71 30 21 92
TEST 1 ARG:14 21 35 54 76 79 37 95 66 60 61 91 51 24 20 25 73 18 71 33 47 75 7 42 15 19 62 77 5 44 68 80 2 22 27 31 70 84 38 63 93 69 89 17 4 36 16 39 94 74 92 90 83 9 56 45 96 65 81 34 40 52 28 43 11 97 85 88 46 49 86 10 6 64 67 29 78 53 41 55 13 8 30 32 3 48 59 1 82 72 98 26 57 12 87 58 0 23 99 50
TEST 1 ARG:34 1 56 0 51 99 32 61 5 38 19 95 90 41 44 74 18 88 17 85 76 21 7 13 8 77 16 81 29 86 6 9 82 78 50 23 27 72 26 57 54 3 63 65 71 83 28 31 79 60 24 47 96 43 40 87 94 67 39 98 12 36 35 2 20 49 25 59 10 69 93 84 64 48 4 33 92 53 73 58 91 68 14 70 97 22 37 66 55 11 75 62 30 80 15 46 52 45 42 89
TEST 1 ARG:15 74 29 39 17 91 83 99 36 93 16 47 89 52 13 59 44 38 33 75 1 82 66 79 2 18 95 0 63 84 6 10 35 27 76 30 70 78 94 54 32 51 43 21 64 20 9 46 87 12 88 28 45 72 7 48 37 73 53 34 25 5 71 65 90 85 80 97 56 31 69 50 86 23 77 62 49 42 40 22 3 98 55 19 24 67 26 11 92 60 58 8 4 68 61 96 81 57 41 14
TEST 1 ARG:2 62 4 84 1 58 50 97 52 0 90 10 93 11 16 24 91 22 43 67 29 55 5 45 99 44 64 61 80 78 76 85 51 40 81 28 87 57 32 35 38 66 7 47 6 27 86 56 68 65 63 70 12 9 60 31 26 95 36 34 79 88 41 23 15 54 42 96 37 94 72 69 77 82 71 19 53 39 89 59 3 30 74 98 20 18 13 33 83 14 48 17 75 21 49 25 46 92 73 8
TEST 1 ARG:39 63 78 65 88 15 44 59 3 54 2 31 14 43 81 49 55 56 77 72 52 96 33 79 38 89 95 28 12 41 51 73 80 87 92 0 90 5 37 84 22 50 34 4 1 98 68 58 19 94 99 27 11 93 82 29 23 48 7 21 8 18 83 85 26 67 69 57 60 86 42 74 30 24 16 20 35 17 46 91 13 45 70 32 75 47 40 36 66 10 61 25 64 6 97 76 62 71 9 53
TEST 1 ARG:26 79 10 67 36 45 76 37 46 9 44 41 20 40 59 81 72 84 48 74 63 93 70 85 5 54 83 90 86 62 6 39 87 49 91 52 69 0 94 12 21 7 53 11 66 57 92 2 68 80 43 1 64 35 51 15 8 73 38 65 25 19 18 23 27 60 28 98 77 58 71 34 78 50 14 99 61 29 24 47 95 22 33 42 17 89 32 55 56 3 97 75 96 30 4 82 16 88 31 13
TEST 1 ARG:49 28 65 69 27 84 58 60 7 8 39 57 4 72 45 85 37 98 20 79 17 68 77 73 43 26 50 81 31 53 9 46 75 83 56 59 62 22 99 13 90 36 64 35 42 48 33 80 29 5 88 91 41 23 55 71 89 10 93 32 18 61 70 2 25 63 19 87 74 78 67 24 14 6 94 0 38 82 21 95 66 47 92 12 51 86 30 76 3 40 11 44 97 54 1 52 16 96 15 34
TEST 1 ARG:75 78 5 80 57 64 81 83 68 14 22 91 26 10 48 15 29 31 47 23 46 92 6 24 86 17 1 19 66 7 65 72 97 0 51 70 33 84 98 59 50 61 25 38 89 21 37 30 16 71 54 90 60 45 20 32 12 3 49 2 85 41 4 96 74 69 63 82 79 67 40 87 94 99 9 88 8 39 13 43 28 55 18 95 93 36 77 44 27 76 62 42 34 11 35 73 53 56 58 52
TEST 1 ARG:58 62 30 3 96 14 89 69 36 77 72 6 35 82 95 44 47 4 50 75 66 20 15 9 56 93 97 90 86 26 61 46 55 84 38 73 21 23 60 85 94 59 83 52 10 98 88 54 0 91 2 43 79 92 81 51 42 57 63 16 40 29 18 68 99 22 78 28 31 87 12 41 71 19 64 1 67 5 65 7 37 48 8 33 25 76 13 74 17 11 27 34 24 53 49 80 70 32 45 39
TEST 1 ARG:55 89 74 90 40 0 86 13 67 65 78 47 82 33 12 41 72 63 97 99 52 4 54 92 1 8 35 2 45 16 94 5 73 38 17 6 39 15 51 83 95 27 29 30 21 24 18 64 77 80 75 48 85 26 42 19 46 62 70 58 96 44 71 20 88 81 61 79 10 14 53 37 66 76 32 56 7 60 91 23 69 98 31 93 25 43 50 3 68 11 84 57 34 22 87 59 36 49 9 28
TEST 1 ARG:99 97 76 92 41 93 55 30 15 40 51 85 65 39 11 17 82 1 20 63 67 21 61 36 69 84 44 98 6 59 64 32 74 42 24 95 87 31 9 3 71 77 16 34 56 10 48 57 88 37 75 35 7 43 96 83 46 33 89 2 90 73 26 53 14 80 45 29 54 78 18 79 25 28 12 62 19 8 50 68 60 94 4 86 49 22 23 47 91 38 13 27 70 5 52 72 58 66 0 81
TEST 1 ARG:22 34 72 91 17 61 12 60 63 76 33 28 25 30 58 69 75 77 86 51 23 47 27 15 93 67 56 89 20 92 18 70 21 16 66 87 5 49 38 90 10 78 83 6 42 0 94 26 85 8 24 13 4 50 68 73 45 80 98 1 82 79 52 14 48 62 32 65 95 19 64 36 99 46 39 74 96 84 81 88 31 11 7 44 2 54 40 71 53 37 43 29 55 35 57 9 41 59 3 97
TEST 1 ARG:57 77 88 75 19 86 9 4 83 70 64 22 98 27 11 29 99 15 67 74 76 10 84 39 53 33 51 30 7 58 55 21 47 35 81 34 46 52 8 25 24 85 5 13 40 72 41 61 62 49 44 63 60 94 16 26 23 14 56 31 97 32 65 1 89 6 36 69 43 92 3 45 73 71 66 28 18 38 96 82 79 0 54 59 78 37 17 50 68 91 95 12 42 48 90 87 80 93 20 2
TEST 1 ARG:55 39 82 67 30 87 99 19 52 91 60 79 58 64 49 74 71 1 22 47 59 4 18 11 61 15 83 97 23 50 98 53 27 57 36 44 95 70 5 31 46 41 25 88 77 73 42 20 48 69 81 90 34 9 45 12 94 76 13 21 66 85 32 68 96 28 62 14 10 16 43 93 63 40 33 38 37 24 17 78 3 2 65 29 75 35 6 26 89 72 8 84 51 92 56 54 0 86 7 80
TEST 1 ARG:36 88 7 37 90 71 15 19 68 12 64 99 3 93 41 43 82 84 73 26 65 8 61 47 29 4 33 1 24 38 85 96 16 39 89 35 50 80 56 87 25 78 11 31 77 2 83 22 28 10 79 94 95 5 63 92 48 60 53 74 97 40 13 46 98 91 52 30 67 70 23 32 0 21 27 18 17 14 34 58 75 86 55 49 6 69 51 20 57 44 66 62 9 72 81 59 45 54 76 42
TEST 1 ARG:62 6 83 55 77 40 43 21 16 44 87 79 29 78 1 48 93 72 64 59 50 94 65 19 57 63 45 81 56 47 51 96 67 89 7 97 3 14 98 32 5 15 82 92 27 30 11 95 99 70 20 41 60 35 76 69 24 66 90 25 52 0 33 34 17 23 84 31 71 10 46 73 42 68 86 26 2 58 85 49 8 38 74 61 53 37 80 9 28 12 13 91 39 54 18 88 75 22 4 36
TEST 1 ARG:40 36 52 23 47 84 28 56 97 70 94 55 57 38 32 51 4 14 50 19 7 74 91 26 33 77 82 41 65 49 96 2 24 90 59 18 76 15 29 98 99 64 48 6 39 30 53 83 8 68 27 45 88 69 25 75 5 17 10 20 87 3 67 37 46 80 43 62 66 16 92 31 79 34 1 0 42 35 44 54 89 22 21 63 93 58 61 72 9 78 86 60 12 95 81 11 73 85 13 71
TEST 1 ARG:88 9 31 93 24 17 46 29 25 47 61 70 33 60 95 54 97 89 53 5 40 15 4 6 23 65 92 12 22 86 75 21 67 80 99 10 26 82 81 55 32 38 66 28 77 42 96 8 50 58 74 7 2 71 76 49 45 87 1 14 39 44 91 16 62 72 78 98 0 19 56 37 59 18 73 79 3 13 30 11 36 20 68 35 51 83 57 64 27 48 90 85 43 52 94 69 84 34 63 41
TEST 1 ARG:39 15 82 8 98 60 84 59 68 18 87 70 69 31 5 23 7 99 19 71 75 45 25 93 14 74 64 24 62 90 32 29 66 47 20 78 91 56 11 49 13 83 34 92 55 97 54 42 72 38 85 40 65 26 53 46 81 88 51 79 12 43 89 37 80 48 21 3 52 61 35 0 77 86 22 44 9 58 2 41 36 6 95 50 27 73 16 63 33 10 57 1 17 67 28 30 4 76 96 94
TEST 1 ARG:58 1 71 72 34 93 11 33 97 35 82 42 84 61 0 16 21 28 2 25 15 83 65 67 26 57 60 49 4 95 45 40 24 12 96 78 39 85 41 52 88 29 94 99 69 51 6 91 22 59 20 17 18 75 89 53 5 9 81 90 50 62 23 43 8 74 38 56 3 32 10 36 86 46 63 87 64 48 13 92 7 30 77 79 27 37 14 80 44 73 54 55 31 47 66 76 70 68 19 98
TEST 1 ARG:68 82 3 2 18 74 81 8 98 77 6 78 71 90 60 52 27 24 31 7 79 93 1 87 41 92 14 35 65 21 47 88 33 58 17 28 70 73 19 0 11 34 38 57 39 96 44 66 95 43 72 4 80 23 25 67 46 59 54 29 83 62 42 85 22 89 55 51 26 32 30 97 5 56 13 69 9 48 12 16 10 40 61 64 15 49 45 36 63 53 84 91 76 94 75 20 37 99 50 86
TEST 1 ARG:11 96 47 81 26 82 58 95 44 66 74 2 31 41 68 57 36 69 6 29 79 94 80 34 21 39 12 75 89 20 90 71 48 67 3 10 84 43 38 97 72 24 98 7 78 53 91 1 50 5 54 77 42 23 19 32 65 18 35 22 64 87 28 99 30 9 17 83 56 15 59 13 62 92 46 85 76 45 33 14 8 63 73 61 25 16 4 70 60 0 51 93 40 88 49 52 86 37 55 27
TEST 1 ARG:72 18 29 65 63 67 59 33 85 22 82 37 81 36 90 97 46 8 61 66 11 24 54 41 10 12 5 31 86 51 44 84 7 20 62 55 50 48 93 1 43 15 13 35 6 14 56 69 80 19 75 58 47 79 16 91 45 40 60 52 87 73 53 89 27 88 95 26 42 23 68 28 64 98 30 4 76 0 94 38 57 17 74 78 3 34 71 83 96 92 70 21 39 77 9 32 49 99 2 25
TEST 1 ARG:6 68 48 2 27 66 78 80 42 53 97 76 55 54 11 84 38 73 20 82 71 77 7 37 86 46 18 59 30 21 32 87 64 62 88 10 98 40 85 8 24 35 56 36 96 1 89 61 23 22 5 41 14 33 4 25 63 94 50 99 51 19 12 57 58 95 34 44 72 13 69 39 9 3 45 29 90 65 28 17 43 75 92 70 67 49 31 15 81 26 74 83 47 91 93 52 60 79 16 0
TEST 1 ARG:20 62 82 19 93 29 34 99 21 95 80 70 28 76 36 2 57 17 68 85 90 31 58 67 41 79 71 25 13 96 54 3 73 72 59 18 61 24 5 43 74 87 77 33 6 26 46 10 83 69 78 56 30 42 65 22 14 0 23 94 38 7 52 15 63 47 49 88 16 32 27 8 89 92 40 81 64 91 37 48 4 86 12 35 11 1 50 45 39 53 51 9 55 84 44 60 98 97 75 66
TEST 1 ARG:61 56 5 50 36 21 41 31 98 68 58 27 10 63 49 59 13 0 11 99 20 43 35 74 1 15 90 54 97 44 79 37 88 23 47 78 65 30 51 86 76 94 45 12 7 28 80 62 17 53 25 14 19 16 40 69 85 2 39 42 34 89 24 26 3 70 81 48 4 75 57 52 73 82 9 33 77 6 64 60 29 46 72 83 71 38 93 92 91 67 22 18 55 96 32 95 84 87 8 66
TEST 1 ARG:0 70 8 62 53 34 93 58 90 57 69 82 20 94 54 95 47 40 43 30 7 91 46 42 19 45 17 83 33 23 35 55 74 2 18 10 49 31 16 97 36 67 89 88 13 71 50 44 3 5 41 63 86 22 78 9 48 27 37 51 61 77 32 14 75 81 24 92 84 25 38 79 76 59 64 87 68 52 72 15 11 26 98 29 85 4 56 73 39 65 21 12 6 28 80 66 1 99 60 96
TEST 1 ARG:79 5 81 33 9 2 54 19 98 8 94 42 89 37 73 90 62 59 41 47 14 50 69 85 75 32 91 36 10 1 55 38 46 80 48 83 93 57 68 24 63 45 35 25 88 56 64 84 22 96 3 16 97 43 71 29 49 6 65 23 40 0 26 58 66 70 17 82 18 11 76 44 60 78 20 34 31 21 99 86 30 39 53 13 72 12 67 51 74 4 27 7 92 52 87 61 15 95 28 77
TEST 1 ARG:57 34 91 31 96 82 42 51 68 21 74 94 36 7 40 80 37 59 72 14 4 49 98 35 86 93 10 38 47 1 69 8 63 62 11 54 17 26 84 0 81 46 20 89 48 87 43 45 97 65 33 83 28 55 58 71 30 70 90 39 52 9 29 44 50 22 95 3 32 23 60 41 16 6 67 64 76 2 88 18 99 61 19 15 56 85 78 53 5 75 66 73 24 25 12 27 79 92 13 77
TEST 1 ARG:15 90 66 49 70 96 62 89 29 72 95 33 88 85 11 53 13 73 20 19 5 47 26 56 1 30 87 41 7 12 61 92 34 54 86 99 40 63 81 65 31 8 58 55 74 27 77 94 78 79 91 98 52 6 24 25 9 4 83 57 17 84 93 2 44 82 23 60 64 3 97 32 0 14 80 10 22 59 71 43 18 35 45 67 16 68 51 75 38 76 28 39 50 37 46 42 69 36 48 21
TEST 1 ARG:80 84 15 7 79 57 98 43 50 20 25 66 61 42 86 64 44 10 23 3 28 51 93 72 70 34 27 97 99 38 74 17 73 39 58 13 49 82 54 37 35 29 4 92 91 21 85 77 53 83 46 36 87 33 40 12 67 0 11 62 30 8 81 60 65 76 16 89 56 9 52 59 1 18 78 26 63 45 90 5 48 24 32 69 22 95 96 19 2 94 14 6 71 68 41 31 88 75 47 55
TEST 1 ARG:9 18 65 48 42 86 32 4 61 47 6 93 35 1 46 76 64 66 40 62 57 84 68 72 39 31 75 79 88 23 97 41 27 69 90 87 33 67 51 91 29 80 83 34 94 53 98 26 63 74 45 28 12 22 5 21 0 15 30 8 81 77 10 17 24 49 20 71 14 43 56 85 19 36 38 92 82 99 70 52 54 55 60 7 2 58 13 89 78 16 95 25 11 96 3 59 73 37 44 50
TEST 1 ARG:94 60 43 53 40 10 91 27 21 50 74 26 86 84 1 35 2 92 80 57 89 78 69 55 58 99 30 98 70 88 32 83 16 82 12 63 48 14 42 31 18 68 8 45 0 61 75 95 66 34 6 87 28 76 93 33 19 20 3 25 49 54 46 56 77 38 51 97 72 52 59 36 96 67 11 90 4 71 79 73 44 39 81 65 9 15 13 41 29 62 17 7 5 23 85 47 37 64 22 24
TEST 1 ARG:79 93 12 63 45 29 71 46 24 90 39 50 75 66 35 65 62 56 91 72 48 10 98 16 38 6 1 99 69 40 25 27 3 54 74 44 47 15 89 88 55 8 32 86 60 94 82 84 58 51 4 28 18 41 59 53 11 43 33 73 76 23 80 42 49 87 9 2 70 64 5 7 77 30 22 17 92 85 52 31 19 0 34 81 83 95 13 36 61 20 26 57 78 37 68 14 21 97 67 96
TEST 1 ARG:73 60 59 35 6 15 13 10 20 34 46 87 21 76 74 86 31 80 75 79 51 19 11 98 28 90 64 40 81 3 96 99 93 2 53 92 63 95 4 56 66 23 33 24 14 61 25 16 43 38 71 12 85 39 82 49 58 69 89 78 48 52 8 72 84 50 0 45 1 37 41 62 7 77 94 42 68 70 91 26 88 47 83 30 18 54 36 29 17 27 97 22 67 9 5 32 55 44 57 65
TEST 1 ARG:17 27 65 28 25 40 6 44 5 59 24 94 93 66 20 99 71 97 85 83 1 87 89 46 43 56 48 72 36 14 96 86 91 47 50 41 34 62 76 70 68 19 39 80 54 63 79 38 13 7 95 18 98 61 22 75 33 29 57 2 53 69 73 67 45 30 49 60 31 26 92 90 10 58 52 42 37 11 81 15 64 0 21 74 23 32 78 51 88 55 84 4 3 8 12 9 82 77 35 16
TEST 1 ARG:98 77 90 92 64 86 47 75 0 66 4 25 81 65 44 82 58 5 74 99 53 29 9 79 31 20 34 94 11 12 46 67 96 52 17 97 60 21 6 43 41 38 23 32 1 71 73 80 28 49 59 91 72 2 87 57 95 14 88 27 85 36 7 18 24 22 48 42 54 84 30 62 89 8 50 68 19 56 3 69 13 55 40 10 37 51 93 15 35 61 63 39 16 26 70 78 76 45 33 83
TEST 1 ARG:29 67 41 85 90 71 24 65 84 42 9 18 53 95 57 51 32 50 77 19 54 88 21 28 86 45 38 76 78 89 81 16 55 34 64 58 26 25 4 1 68 35 75 5 3 37 93 79 36 60 7 47 27 30 33 15 66 94 61 40 80 91 46 17 14 23 70 10 39 44 2 49 8 52 13 11 96 56 69 31 87 20 12 92 43 97 59 62 99 6 63 22 0 83 72 73 48 82 98 74
TEST 1 ARG:64 23 40 97 89 5 62 53 58 34 81 13 71 16 0 35 98 80 38 29 87 7 15 57 72 68 9 56 94 77 37 99 10 63 88 95 52 6 4 33 90 20 46 96 21 49 19 44 32 36 51 17 41 50 84 47 45 25 59 60 75 66 27 69 76 92 74 83 26 1 67 11 30 78 65 14 54 8 39 55 42 12 70 86 31 18 3 93 28 91 48 2 73 79 43 85 61 82 22 24
TEST 1 ARG:55 75 7 89 66 32 70 20 19 12 26 40 59 35 71 97 49 34 52 47 82 60 28 72 85 23 36 84 86 11 5 1 0 64 37 74 83 53 6 63 68 54 62 61 95 24 17 8 50 30 45 56 73 81 91 25 41 46 42 4 10 90 33 14 87 9 93 79 98 99 27 29 51 43 13 39 94 38 22 78 80 65 77 96 31 21 58 44 2 16 67 88 76 69 3 48 57 15 92 18
TEST 1 ARG:89 83 25 40 46 86 38 65 39 21 88 16 10 94 6 92 12 44 58 41 95 99 28 4 87 24 2 33 56 85 70 75 74 97 76 14 18 35 82 67 68 98 42 64 37 61 5 90 17 66 3 62 45 1 0 31 78 19 50 47 34 48 60 13 72 32 55 59 23 93 51 57 9 7 91 69 71 26 22 8 11 29 52 36 73 84 43 49 53 54 96 15 80 30 81 63 27 79 20 77
TEST 1 ARG:38 99 3 37 7 2 53 83 60 32 95 0 29 84 31 72 30 42 81 28 76 78 71 20 48 68 43 54 34 67 23 33 58 57 62 87 85 19 40 18 24 15 50 1 89 27 55 94 44 6 21 11 49 98 9 51 35 16 22 45 97 4 73 96 36 75 86 5 26 14 59 17 13 56 8 88 39 77 46 65 61 69 10 12 90 82 74 25 79 80 63 52 93 64 66 47 41 91 70 92
TEST 1 ARG:56 95 50 78 4 26 15 6 93 42 3 74 52 65 20 70 28 79 81 90 17 91 5 30 36 99 97 98 84 11 43 69 45 13 33 77 40 10 87 64 16 92 44 58 76 66 62 48 63 35 72 57 75 8 2 37 49 86 23 7 73 59 51 41 22 19 27 12 0 54 9 82 24 96 68 94 85 61 89 32 80 60 83 39 55 21 38 71 29 25 88 14 34 46 18 53 31 1 47 67
TEST 1 ARG:70 75 79 57 84 89 82 26 76 43 37 63 28 71 1 61 93 22 78 55 10 50 81 36 47 94 51 8 73 58 32 59 64 56 35 95 72 62 52 39 41 15 21 13 0 40 29 2 25 19 74 23 86 4 31 17 44 45 5 7 30 98 96 83 60 12 80 67 33 20 27 99 6 92 48 24 65 85 66 11 68 88 16 9 34 69 42 38 14 90 18 53 97 91 54 46 77 49 3 87
TEST 1 ARG:51 98 67 85 57 36 61 77 42 73 14 40 8 34 92 18 12 88 53 82 28 3 23 50 26 30 38 41 99 70 91 19 21 66 56 75 20 13 32 48 6 45 15 84 62 9 80 7 78 17 59 94 55 39 89 0 63 22 27 44 68 4 54 43 60 35 79 46 24 31 65 97 29 93 37 71 74 1 10 47 11 87 33 72 96 76 86 5 58 64 52 2 95 25 81 83 49 16 90 69
TEST 1 ARG:61 69 44 5 20 46 85 91 17 22 57 30 14 4 9 93 63 34 49 70 86 7 89 72 79 77 59 26 45 8 2 16 24 62 6 38 71 53 15 36 28 48 96 43 41 47 19 27 0 40 81 58 51 56 39 76 12 13 33 73 21 88 37 87 83 92 98 82 50 1 68 32 29 23 78 18 31 99 80 65 94 67 42 95 35 84 75 10 66 55 52 54 25 64 11 90 60 3 97 74
TEST 1 ARG:22 38 32 5 90 15 9 73 2 65 3 13 24 67 76 16 91 88 17 86 59 56 37 83 53 12 52 85 97 39 63 11 80 18 84 51 74 68 36 93 70 19 72 81 48 87 34 6 27 55 20 14 71 7 47 0 60 58 45 69 41 31 64 92 75 40 10 79 49 25 54 23 96 78 28 35 4 62 29 82 1 98 46 61 66 99 94 44 21 43 26 50 30 33 8 89 57 42 95 77
TEST 1 ARG:48 13 94 69 77 86 79 42 55 81 28 93 65 0 40 91 46 44 37 80 6 52 67 97 66 84 70 8 88 17 54 41 43 95 74 22 26 16 14 76 24 96 21 90 61 64 50 11 57 59 39 49 58 82 53 15 5 25 83 35 85 19 2 47 20 87 9 36 78 30 1 32 33 34 75 73 99 29 71 56 4 18 7 98 72 68 3 89 10 63 45 12 51 60 23 62 31 92 27 38
TEST 1 ARG:26 39 21 5 74 29 99 42 44 9 71 34 68 83 57 89 93 28 30 69 87 60 53 79 98 45 22 50 2 62 88 35 41 23 81 97 78 91 52 59 3 0 66 36 15 77 64 17 49 72 46 11 94 20 85 47 32 31 63 48 80 4 58 90 13 7 18 43 38 84 96 40 67 65 12 92 14 82 10 56 37 76 19 8 55 75 73 86 70 24 6 61 27 16 33 51 1 54 95 25
TEST 1 ARG:26 34 47 96 2 42 76 22 21 48 99 78 98 94 74 13 61 46 35 83 64 18 82 67 29 7 12 14 68 69 50 10 75 41 20 55 66 90 80 9 59 87 93 28 16 54 27 88 92 72 38 49 24 52 33 70 58 37 40 45 23 1 19 62 95 85 31 65 73 53 84 43 77 60 86 0 4 17 71 8 15 51 36 91 44 39 57 97 89 56 5 63 6 11 3 30 81 25 32 79
TEST 1 ARG:57 64 19 55 21 77 1 39 85 25 93 27 80 67 95 69 23 44 98 24 26 4 31 62 66 52 59 8 49 84 12 61 63 58 46 30 97 16 5 41 53 3 34 48 86 87 51 65 50 75 20 40 54 70 96 35 83 91 82 7 78 45 92 81 18 99 22 68 42 28 9 72 60 36 11 38 73 10 79 15 56 47 29 89 94 32 6 71 43 37 74 76 2 17 88 14 33 0 13 90
TEST 1 ARG:71 38 51 65 16 45 26 27 85 47 57 0 74 79 91 70 54 22 50 36 1 83 29 92 10 34 3 66 13 72 63 6 86 76 40 48 15 32 33 52 21 5 18 95 56 90 24 17 84 81 12 78 67 20 64 82 87 7 62 61 80 28 42 69 59 88 44 77 2 93 60 19 53 89 4 43 58 96 30 49 23 41 46 94 35 8 98 37 14 11 31 73 39 55 75 68 99 9 97 25
TEST 1 ARG:25 30 79 19 89 33 78 95 46 90 56 41 88 54 93 2 97 61 76 39 38 85 69 12 0 9 40 11 59 34 82 31 15 1 65 80 72 57 5 4 13 49 42 71 32 18 20 84 52 51 28 53 63 81 45 50 99 83 29 66 26 22 10 55 27 92 35 98 91 37 58 86 3 44 87 73 14 36 60 21 64 70 7 24 6 62 23 47 77 43 75 68 94 17 67 96 16 48 8 74
TEST 1 ARG:21 18 89 88 74 3 80 99 81 73 10 4 35 34 13 85 11 92 36 1 44 60 45 14 67 27 51 24 84 95 20 94 55 64 66 12 53 16 6 82 68 63 19 37 9 71 40 86 31 32 38 76 30 90 78 75 65 5 70 77 39 48 93 29 79 56 15 50 26 25 83 57 54 59 61 17 46 28 98 33 22 62 91 72 43 47 97 49 96 0 8 58 87 42 41 52 23 2 69 7
TEST 1 ARG:40 61 64 35 85 89 8 76 65 82 28 77 7 44 88 25 14 12 22 52 46 95 42 94 2 19 93 32 59 91 29 4 75 62 79 31 41 20 81 80 74 84 71 0 86 6 92 1 26 16 18 70 5 47 98 66 55 96 9 36 27 60 10 90 21 83 23 39 30 33 43 56 58 38 78 48 87 11 72 54 15 45 97 3 99 69 34 53 51 67 68 63 13 37 73 57 17 49 24 50
TEST 1 ARG:87 68 52 21 12 41 99 8 84 93 46 67 47 23 98 2 69 26 36 64 86 49 25 81 77 44 72 43 7 39 80 48 65 37 31 51 94 79 82 27 19 0 4 24 71 35 73 62 63 53 59 29 45 54 10 90 50 9 58 14 42 78 95 28 76 85 5 20 83 97 18 70 40 96 16 1 74 32 17 60 6 57 92 13 75 34 3 61 38 89 11 30 15 56 88 91 22 33 55 66
